2 0.015312 0.525968 0.030625 0.079320
2 0.026875 0.782814 0.053750 0.103872
2 0.030000 0.954675 0.060000 0.088763
2 0.035625 0.603400 0.071250 0.075543
2 0.021562 0.679887 0.038125 0.073655
2 0.041875 0.429650 0.061250 0.064211
2 0.047813 0.301700 0.065625 0.051936
2 0.065312 0.679415 0.076875 0.110481
2 0.068437 0.873466 0.070625 0.092541
2 0.072187 0.547214 0.068125 0.110481
2 0.065625 0.489613 0.042500 0.051936
2 0.091875 0.776676 0.068750 0.116148
2 0.095312 0.945232 0.075625 0.081209
2 0.087500 0.265817 0.040000 0.057602
2 0.116875 0.595845 0.065000 0.079320
2 0.112500 0.321057 0.043750 0.064211
2 0.125625 0.511803 0.055000 0.077431
2 0.133750 0.864967 0.060000 0.098206
2 0.140625 0.679887 0.068750 0.088763
2 0.139063 0.274315 0.025625 0.040605
2 0.155000 0.572710 0.051250 0.070822
2 0.169375 0.933900 0.065000 0.081208
2 0.163125 0.441926 0.042500 0.073655
2 0.171875 0.744098 0.055000 0.088763
2 0.164375 0.325779 0.037500 0.062323
2 0.187500 0.501416 0.060000 0.075543
2 0.199063 0.844665 0.068125 0.093484
2 0.196875 0.662889 0.058750 0.084985
2 0.183438 0.283286 0.024375 0.047214
2 0.212188 0.331917 0.035625 0.038716
2 0.225625 0.919264 0.060000 0.110481
2 0.230312 0.726629 0.061875 0.089708
2 0.227500 0.457507 0.048750 0.046270
2 0.218125 0.293202 0.023750 0.023607
2 0.234375 0.590179 0.046250 0.071766
2 0.244375 0.508970 0.046250 0.083097
2 0.254063 0.647781 0.058125 0.079320
2 0.265313 0.837110 0.073125 0.108593
2 0.260313 0.330028 0.036875 0.034939
2 0.257812 0.288008 0.026875 0.013220
2 0.272500 0.451842 0.038750 0.057601
2 0.293125 0.715769 0.051250 0.075543
2 0.287187 0.582153 0.036875 0.051936
2 0.288438 0.491502 0.034375 0.095373
2 0.296875 0.892823 0.048750 0.104816
2 0.306562 0.339471 0.044375 0.057602
2 0.310625 0.640227 0.047500 0.064211
2 0.324375 0.816809 0.065000 0.090651
2 0.315625 0.447120 0.042500 0.029273
2 0.334688 0.381964 0.058125 0.057602
2 0.343750 0.586874 0.042500 0.050047
2 0.346875 0.524080 0.048750 0.086875
2 0.351250 0.720491 0.057500 0.077432
2 0.354375 0.881492 0.058750 0.068932
2 0.359062 0.339471 0.049375 0.057602
2 0.364375 0.646365 0.045000 0.063267
2 0.365625 0.444759 0.042500 0.060434
2 0.378750 0.797922 0.053750 0.092541
2 0.379688 0.386686 0.031875 0.055713
2 0.387813 0.581209 0.030625 0.061379
2 0.399375 0.710103 0.046250 0.075543
2 0.407500 0.439094 0.050000 0.071765
2 0.412813 0.650142 0.056875 0.099150
2 0.410312 0.333805 0.044375 0.046271
2 0.426875 0.528801 0.035000 0.066100
2 0.430312 0.395656 0.038125 0.084986
2 0.437188 0.691690 0.029375 0.031161
2 0.447500 0.590179 0.042500 0.071766
2 0.457813 0.423513 0.041875 0.051936
2 0.471250 0.635505 0.046250 0.058546
2 0.470625 0.541548 0.042500 0.063267
2 0.493437 0.593956 0.026875 0.075543
2 0.769688 0.466950 0.043125 0.046270
2 0.772188 0.520303 0.030625 0.056657
2 0.786875 0.553352 0.040000 0.052880
2 0.802500 0.511332 0.037500 0.042493
2 0.817187 0.469311 0.038125 0.058546
2 0.817187 0.593956 0.038125 0.041549
2 0.823438 0.561851 0.033125 0.069877
2 0.852500 0.561379 0.045000 0.036827
2 0.844688 0.530217 0.021875 0.040604
2 0.853750 0.599150 0.035000 0.042493
2 0.853437 0.494335 0.026875 0.061379