2 0.057291 0.784376 0.091667 0.084375
2 0.090105 0.671875 0.059375 0.034374
2 0.101042 0.731249 0.018750 0.015625
2 0.114062 0.747266 0.015625 0.010156
2 0.130209 0.779297 0.020833 0.014844
2 0.142709 0.739844 0.022917 0.018750
2 0.201042 0.729297 0.025000 0.011719
2 0.212500 0.739062 0.020834 0.020313
2 0.236458 0.648438 0.031250 0.018749
2 0.237500 0.748437 0.025000 0.015625
2 0.260937 0.776953 0.011459 0.010156
2 0.280208 0.628907 0.027083 0.017187
2 0.277604 0.775782 0.017708 0.015625
2 0.281250 0.608203 0.025000 0.013282
2 0.334896 0.828125 0.013542 0.014062
2 0.343230 0.651172 0.015625 0.013281
2 0.355729 0.814453 0.013542 0.010156
2 0.369271 0.828125 0.017708 0.014062
2 0.380729 0.654687 0.017708 0.010937
2 0.381771 0.787891 0.015625 0.011719
2 0.382812 0.729297 0.013541 0.011719
2 0.388021 0.576562 0.013542 0.012500
2 0.389062 0.780860 0.015625 0.008593
2 0.414062 0.733203 0.038541 0.042968
2 0.411459 0.597266 0.020833 0.025781
2 0.416146 0.639062 0.030208 0.017187
2 0.414062 0.803516 0.011459 0.008594
2 0.493229 0.620313 0.028125 0.020313
2 0.493229 0.767969 0.013542 0.014062
2 0.539062 0.514062 0.028125 0.017187
2 0.542188 0.656250 0.030209 0.014062
2 0.559375 0.675391 0.022916 0.021094
2 0.567708 0.475781 0.020833 0.020313
2 0.586979 0.643750 0.028125 0.018750
2 0.601042 0.669531 0.018750 0.015625