0 0.429688 0.741363 0.804375 0.515406
0 0.318125 0.238562 0.015000 0.017740
0 0.335938 0.254902 0.015625 0.014940
0 0.349375 0.231092 0.013750 0.021475
0 0.606250 0.280112 0.115000 0.057890
0 0.735625 0.251167 0.007500 0.009337
0 0.748125 0.287582 0.007500 0.013072
0 0.772500 0.982260 0.032500 0.033613
0 0.770000 0.259571 0.010000 0.007469
0 0.780938 0.361345 0.014375 0.011205
0 0.782188 0.277311 0.009375 0.007470
0 0.810938 0.289450 0.010625 0.009337
0 0.811562 0.381420 0.011875 0.010271
0 0.815000 0.296918 0.007500 0.009337
0 0.825625 0.294118 0.008750 0.007469
0 0.884062 0.318861 0.086875 0.038282
0 0.882812 0.364146 0.010625 0.013072
0 0.901250 0.437909 0.008750 0.011205
0 0.926875 0.448179 0.013750 0.009337