0 0.240196 0.846406 0.163398 0.156863
0 0.262255 0.935458 0.155228 0.066993
0 0.308824 0.565360 0.052287 0.068627
0 0.399510 0.573530 0.083333 0.091503
0 0.531863 0.531046 0.070261 0.058824
0 0.589870 0.579249 0.071895 0.073529
1 0.347222 0.940360 0.034314 0.050653
1 0.383170 0.936275 0.037582 0.065359
1 0.436275 0.924019 0.068627 0.089869
1 0.581700 0.924019 0.323529 0.083333
1 0.447712 0.544934 0.019607 0.047385
1 0.464052 0.580882 0.042484 0.106209
1 0.507353 0.571079 0.057190 0.099673
1 0.542484 0.581700 0.107843 0.127451