0 0.198125 0.440038 0.256250 0.387158
0 0.275625 0.737488 0.201250 0.232294
0 0.468750 0.337110 0.097500 0.177526
0 0.449375 0.800283 0.041250 0.038716
0 0.480000 0.708215 0.043750 0.079320
0 0.521250 0.487252 0.120000 0.162418
0 0.480000 0.624645 0.012500 0.055713
0 0.547188 0.336639 0.110625 0.169027
0 0.541250 0.565155 0.062500 0.042493
0 0.598750 0.412181 0.067500 0.093485
0 0.612812 0.256374 0.024375 0.044382
0 0.758125 0.425874 0.061250 0.077431
0 0.842187 0.731351 0.068125 0.095373
0 0.850938 0.669499 0.068125 0.071765
0 0.876250 0.440982 0.053750 0.067988
0 0.898438 0.310198 0.068125 0.089707