4 0.031186 0.279375 0.062371 0.101250
4 0.034956 0.175937 0.069911 0.105625
4 0.060316 0.082813 0.120631 0.128125
4 0.060316 0.891563 0.120631 0.215625
4 0.071281 0.035937 0.142563 0.071875
4 0.091159 0.637500 0.182317 0.220000
4 0.132625 0.479687 0.207676 0.170625
4 0.203564 0.336875 0.163126 0.166250
4 0.197738 0.213438 0.140507 0.123125
4 0.212132 0.078437 0.124057 0.109375
4 0.217614 0.145313 0.119945 0.133125
4 0.241947 0.035000 0.108293 0.070000
4 0.343386 0.676562 0.198766 0.170625
4 0.328307 0.520937 0.157642 0.160625
4 0.371830 0.367188 0.158328 0.106875
4 0.376970 0.262188 0.146675 0.151875
4 0.423921 0.908125 0.232351 0.182500
4 0.384510 0.098125 0.127484 0.131250
4 0.392049 0.183437 0.131597 0.128125
4 0.410898 0.046250 0.078821 0.092500
4 0.509253 0.026562 0.091844 0.053125
4 0.527759 0.118750 0.106923 0.097500
4 0.547293 0.201875 0.135024 0.116250
4 0.560658 0.296563 0.142564 0.151875
4 0.546608 0.055625 0.099383 0.097500
4 0.583276 0.525312 0.168609 0.161875
4 0.581220 0.389688 0.153530 0.150625
4 0.642907 0.669063 0.179575 0.206875
4 0.620973 0.028438 0.071282 0.056875
4 0.648046 0.045000 0.084305 0.088750
4 0.675119 0.095000 0.097327 0.088750
4 0.693968 0.148438 0.104867 0.118125
4 0.719329 0.228750 0.129541 0.131250
4 0.770048 0.312188 0.125428 0.131875
4 0.741947 0.029375 0.054147 0.058750
4 0.815627 0.882812 0.183688 0.169375
4 0.783071 0.061563 0.099383 0.104375
4 0.806717 0.424375 0.138451 0.131250
4 0.802604 0.533750 0.127485 0.148750
4 0.806374 0.119063 0.100754 0.104375
4 0.865662 0.174375 0.106923 0.120000
4 0.890678 0.264062 0.124057 0.141875
4 0.904386 0.660000 0.151473 0.167500
4 0.879712 0.037187 0.089788 0.074375
4 0.921522 0.069375 0.095271 0.087500
4 0.937628 0.363125 0.123373 0.140000
4 0.941056 0.487500 0.116519 0.143750
4 0.944825 0.873750 0.108979 0.177500
4 0.955449 0.126562 0.087732 0.105625
4 0.964702 0.180312 0.069226 0.096875
4 0.982180 0.622500 0.034270 0.126250
4 0.983550 0.260625 0.031529 0.093750