4 0.861250 0.857143 0.201250 0.263306
4 0.054688 0.859477 0.109375 0.279178
4 0.118750 0.442577 0.221250 0.367880
4 0.091250 0.108310 0.161250 0.216620
4 0.171875 0.859477 0.105000 0.279178
4 0.276875 0.119047 0.261250 0.213819
4 0.279062 0.542951 0.185625 0.288515
4 0.326562 0.759571 0.278125 0.408029
4 0.271875 0.303921 0.151250 0.288515
4 0.312812 0.985994 0.181875 0.026143
4 0.447500 0.273110 0.287500 0.411765
4 0.523750 0.614846 0.288750 0.394958
4 0.539687 0.927638 0.281875 0.142857
4 0.731250 0.290383 0.267500 0.369748
4 0.688438 0.860410 0.171875 0.277311
4 0.772188 0.591970 0.239375 0.463118
4 0.917813 0.404295 0.130625 0.321196
4 0.952813 0.573763 0.093125 0.415500