0 0.008438 0.408536 0.016875 0.036585
0 0.008438 0.438555 0.016875 0.042214
0 0.009687 0.330207 0.019375 0.075047
0 0.013125 0.131801 0.026250 0.047842
0 0.065625 0.213415 0.131250 0.196060
0 0.004375 0.258443 0.007500 0.044090
0 0.077500 0.529550 0.153750 0.259850
0 0.180312 0.557693 0.219375 0.287993
0 0.178437 0.342402 0.186875 0.176361
0 0.313125 0.401970 0.215000 0.246716
0 0.366875 0.608818 0.212500 0.283302
0 0.412813 0.274859 0.169375 0.234522
0 0.373125 0.531425 0.082500 0.098499
0 0.558125 0.430582 0.313750 0.322701
0 0.530938 0.642589 0.220625 0.307692
0 0.651250 0.306754 0.266250 0.272045
0 0.712187 0.030957 0.188125 0.061914
0 0.756875 0.688555 0.242500 0.362101
0 0.846562 0.493433 0.209375 0.309569
0 0.920000 0.667449 0.158750 0.492495