0 0.024414 0.696615 0.048828 0.067709
0 0.094727 0.761719 0.189453 0.067708
0 0.044922 0.863932 0.033203 0.016927
0 0.127441 0.699218 0.149414 0.049479
0 0.071777 0.856120 0.022461 0.011719
0 0.089356 0.863282 0.010743 0.013021
0 0.106934 0.746745 0.041992 0.042969
0 0.267089 0.756511 0.182617 0.054687
0 0.276855 0.692708 0.151367 0.046875
0 0.243652 0.850261 0.024414 0.010417
0 0.282715 0.846355 0.034180 0.013021
0 0.418457 0.714193 0.127930 0.121094
0 0.436035 0.838542 0.014648 0.013021
0 0.454101 0.834636 0.011719 0.010417
0 0.471191 0.834635 0.022461 0.015625
0 0.833008 0.858073 0.017578 0.023438
0 0.920898 0.769531 0.156250 0.161458
0 0.849121 0.869792 0.010742 0.015625
0 0.986816 0.979167 0.024414 0.023437