0 0.148000 0.449333 0.296000 0.354667
0 0.224000 0.318666 0.200000 0.125333
0 0.547000 0.632000 0.386000 0.581334
4 0.059000 0.726666 0.118000 0.221333
4 0.106000 0.570667 0.160000 0.144000
4 0.184000 0.676000 0.120000 0.125334
4 0.226000 0.866667 0.132000 0.128000
4 0.266000 0.560000 0.160000 0.149334
4 0.269000 0.458667 0.090000 0.128000
4 0.275000 0.761333 0.078000 0.136000
4 0.338000 0.418667 0.092000 0.176000
4 0.335000 0.926667 0.078000 0.093333
4 0.362000 0.725334 0.108000 0.106667
4 0.409000 0.908000 0.094000 0.066666