2 0.165625 0.076563 0.146875 0.121875
2 0.262500 0.182032 0.040625 0.057813
2 0.285157 0.175000 0.039063 0.046875
2 0.288281 0.293750 0.045312 0.059376
2 0.327344 0.198437 0.048437 0.046875
2 0.354688 0.146875 0.028125 0.040624
2 0.364063 0.393750 0.021875 0.056250
2 0.377344 0.355469 0.048438 0.057813
2 0.381250 0.228906 0.025000 0.060938
2 0.385157 0.140625 0.026563 0.053124
2 0.410937 0.237500 0.034375 0.065624
2 0.521094 0.466406 0.026563 0.042188
2 0.596875 0.562500 0.053126 0.068750
2 0.642188 0.932031 0.078125 0.073438
2 0.650000 0.842188 0.062500 0.093750
2 0.650000 0.757812 0.053124 0.062500
2 0.696875 0.601562 0.084374 0.081249
2 0.717969 0.715625 0.042187 0.093750
2 0.732031 0.929688 0.057813 0.090625
2 0.821875 0.034375 0.081250 0.068750
2 0.850000 0.373438 0.053124 0.037500
2 0.917969 0.285938 0.067188 0.084375