4 0.506667 0.300937 0.068333 0.044375
4 0.523750 0.277813 0.070834 0.049375
4 0.554584 0.334375 0.059167 0.042500
4 0.563750 0.238750 0.050834 0.042500
4 0.578334 0.282188 0.056667 0.044375
4 0.592500 0.263437 0.056666 0.034375
4 0.624167 0.359375 0.066667 0.051250
4 0.631250 0.311250 0.070834 0.037500
4 0.640000 0.235313 0.038334 0.043125
4 0.665000 0.266875 0.048334 0.041250
4 0.678750 0.221562 0.047500 0.039375
4 0.691667 0.291563 0.050000 0.029375
4 0.695000 0.325000 0.056666 0.047500
4 0.709583 0.244688 0.050833 0.030625
4 0.708750 0.359375 0.042500 0.043750
4 0.730000 0.275312 0.045000 0.034375
4 0.737084 0.224062 0.040833 0.034375
4 0.755000 0.311250 0.055000 0.045000
4 0.768750 0.342812 0.059166 0.049375
4 0.776666 0.291563 0.048333 0.043125
4 0.795000 0.386563 0.075000 0.058125
4 0.787917 0.268750 0.052500 0.037500
4 0.791250 0.241875 0.059166 0.032500
4 0.808750 0.311250 0.057500 0.045000
4 0.835000 0.340313 0.055000 0.038125
4 0.864167 0.245625 0.050000 0.042500
4 0.865417 0.294375 0.047500 0.037500
4 0.871250 0.268437 0.045834 0.048125
4 0.888333 0.371875 0.070000 0.050000
4 0.892084 0.319688 0.059167 0.044375
4 0.937500 0.276250 0.063334 0.038750
4 0.949583 0.303750 0.052500 0.042500
4 0.949583 0.338750 0.052500 0.051250