4 0.470920 0.728703 0.063368 0.070773
4 0.510850 0.307995 0.110243 0.115334
4 0.513455 0.426605 0.115452 0.145479
4 0.508680 0.641547 0.097223 0.111403
4 0.528212 0.535387 0.073785 0.140236
4 0.546875 0.863040 0.105902 0.121887
4 0.585069 0.587811 0.123263 0.145478
4 0.601997 0.711010 0.085937 0.121887
4 0.611979 0.454784 0.104166 0.149410
4 0.601562 0.323722 0.081597 0.159895
4 0.657986 0.546527 0.121528 0.110092
4 0.657118 0.815859 0.081598 0.195281
4 0.691840 0.655308 0.121528 0.099606
4 0.672310 0.313893 0.077257 0.163827
4 0.697048 0.458715 0.076389 0.120577
4 0.751736 0.543905 0.145834 0.141547
4 0.742622 0.851900 0.117187 0.107471
4 0.739149 0.748362 0.108507 0.138925
4 0.753472 0.413499 0.105903 0.132372
4 0.766059 0.295544 0.127604 0.111402