2 0.013750 0.854120 0.018750 0.026726
2 0.014375 0.816258 0.020000 0.048998
2 0.019688 0.782294 0.030625 0.047884
2 0.038125 0.831292 0.027500 0.067929
2 0.035625 0.756682 0.016250 0.056793
2 0.070938 0.907572 0.023125 0.037862
2 0.068125 0.940423 0.012500 0.027840
2 0.072188 0.760022 0.010625 0.036748
2 0.080313 0.732183 0.026875 0.047884
2 0.100312 0.823497 0.023125 0.047884
2 0.114375 0.918152 0.010000 0.036749
2 0.130937 0.836859 0.023125 0.034521
2 0.139062 0.940423 0.024375 0.027840
2 0.141250 0.811247 0.028750 0.043430
2 0.149688 0.880289 0.034375 0.043429
2 0.157187 0.835746 0.026875 0.050112
2 0.178437 0.920378 0.054375 0.054565
2 0.173437 0.977172 0.030625 0.027839
2 0.198437 0.855791 0.034375 0.036749
2 0.199063 0.818485 0.035625 0.028953
2 0.212500 0.979399 0.040000 0.036748
2 0.213438 0.896993 0.026875 0.063474
2 0.238437 0.831292 0.023125 0.041203
2 0.260313 0.908686 0.033125 0.055680
2 0.266250 0.847996 0.032500 0.047885
2 0.270000 0.955457 0.030000 0.053453
2 0.296250 0.969933 0.031250 0.057906
2 0.293125 0.883630 0.021250 0.045657
2 0.313438 0.853564 0.026875 0.054565
2 0.324063 0.903674 0.029375 0.045657
2 0.325937 0.959911 0.028125 0.062361
2 0.352187 0.873608 0.026875 0.043430
2 0.382188 0.845769 0.023125 0.065701
2 0.395313 0.908686 0.026875 0.055680
2 0.423125 0.933742 0.031250 0.041203
2 0.429688 0.868596 0.035625 0.062361
2 0.437188 0.973831 0.040625 0.034521
2 0.446250 0.842428 0.031250 0.059020
2 0.467812 0.941536 0.035625 0.052339
2 0.475625 0.833519 0.033750 0.041202
2 0.482187 0.876949 0.038125 0.045657
2 0.494687 0.976058 0.025625 0.030066
2 0.497500 0.798998 0.015000 0.027840
2 0.510312 0.844655 0.035625 0.041203
2 0.512813 0.952116 0.038125 0.051225
2 0.519688 0.900334 0.031875 0.056792
2 0.541562 0.980513 0.041875 0.034521
2 0.540937 0.932628 0.035625 0.047884
2 0.548750 0.825724 0.036250 0.056793
2 0.550625 0.865256 0.032500 0.055680
2 0.560312 0.970490 0.035625 0.041202
2 0.585313 0.928173 0.036875 0.038975
2 0.582812 0.879176 0.026875 0.067928
2 0.586562 0.815144 0.034375 0.035635
2 0.605000 0.962695 0.053750 0.038976
2 0.610938 0.860801 0.026875 0.055679
2 0.612187 0.918152 0.029375 0.063475
2 0.615312 0.822383 0.023125 0.045657
2 0.640313 0.948218 0.026875 0.038976
2 0.648750 0.859688 0.036250 0.057906
2 0.681875 0.844655 0.038750 0.041203
2 0.707500 0.783408 0.038750 0.054565
2 0.726562 0.797884 0.030625 0.043430
2 0.762188 0.757238 0.060625 0.082405
2 0.765938 0.818485 0.036875 0.024499
2 0.807500 0.816258 0.038750 0.048998
2 0.831250 0.777840 0.037500 0.052339