2 0.310312 0.455910 0.075625 0.080676
2 0.343750 0.659474 0.050000 0.091933
2 0.338438 0.524390 0.034375 0.086304
2 0.373750 0.571295 0.048750 0.091933
2 0.391250 0.713884 0.045000 0.076923
2 0.440000 0.694184 0.050000 0.091932
2 0.469375 0.756097 0.057500 0.080675
2 0.526250 0.769230 0.046250 0.080675
2 0.566562 0.711070 0.058125 0.078799
2 0.593750 0.762664 0.057500 0.082552
2 0.657188 0.760788 0.069375 0.086304
2 0.674375 0.707786 0.042500 0.072232
2 0.685000 0.266417 0.050000 0.069419
2 0.730000 0.694184 0.053750 0.080676
2 0.744687 0.626173 0.044375 0.121013
2 0.765313 0.546904 0.034375 0.086304