4 0.080312 0.222500 0.160625 0.365000
4 0.111250 0.870000 0.222500 0.258334
4 0.145313 0.076666 0.209375 0.153333
4 0.116562 0.472500 0.134375 0.216666
4 0.162812 0.465417 0.145625 0.179167
4 0.328125 0.194583 0.258750 0.287500
4 0.400625 0.069167 0.270000 0.138333
4 0.437188 0.256250 0.146875 0.215834
4 0.697500 0.796250 0.241250 0.320834
4 0.738750 0.321667 0.280000 0.315000
4 0.769687 0.142500 0.130625 0.173334
4 0.882188 0.940000 0.234375 0.118334
4 0.852500 0.170000 0.088750 0.060000
4 0.909375 0.315417 0.073750 0.137500
4 0.960938 0.182083 0.073125 0.167500
4 0.980625 0.526667 0.037500 0.243333