4 0.515625 0.546667 0.967500 0.520000
4 0.533438 0.705417 0.931875 0.587500
4 0.449375 0.963750 0.112500 0.070834
4 0.605000 0.063750 0.418750 0.127500
4 0.655937 0.138333 0.443125 0.200000
4 0.705937 0.215000 0.456875 0.250000
4 0.549687 0.930417 0.095625 0.137500
4 0.554375 0.391250 0.065000 0.079166
4 0.781563 0.302500 0.411875 0.256666
4 0.634688 0.890834 0.090625 0.131667
4 0.714688 0.838333 0.098125 0.140000
4 0.783438 0.800416 0.064375 0.129167
4 0.848437 0.750417 0.086875 0.132500
4 0.916875 0.703750 0.076250 0.132500
4 0.977187 0.655833 0.044375 0.121667