2 0.016250 0.246250 0.032500 0.077500
2 0.027500 0.822917 0.038750 0.042500
2 0.041563 0.267500 0.064375 0.106666
2 0.040000 0.660000 0.038750 0.055000
2 0.047188 0.859167 0.024375 0.040000
2 0.059375 0.948750 0.046250 0.067500
2 0.066875 0.595834 0.040000 0.043333
2 0.091875 0.962500 0.028750 0.040000
2 0.128438 0.092500 0.091875 0.108334
2 0.109375 0.512500 0.040000 0.051666
2 0.108750 0.671250 0.031250 0.035834
2 0.118438 0.613750 0.026875 0.037500
2 0.134375 0.781667 0.033750 0.063333
2 0.138125 0.382084 0.041250 0.045833
2 0.143437 0.548333 0.023125 0.020000
2 0.150625 0.507500 0.035000 0.053334
2 0.285000 0.052916 0.105000 0.105833
2 0.277813 0.523334 0.028125 0.053333
2 0.298750 0.683334 0.038750 0.063333
2 0.337812 0.121250 0.106875 0.124166
2 0.310937 0.510416 0.021875 0.055833
2 0.346250 0.512916 0.046250 0.084167
2 0.347500 0.581666 0.036250 0.056667
2 0.368750 0.634166 0.045000 0.048333
2 0.397813 0.346250 0.066875 0.077500
2 0.405312 0.749583 0.019375 0.030833
2 0.446250 0.581666 0.032500 0.056667
2 0.444375 0.779167 0.026250 0.035000
2 0.473750 0.897083 0.040000 0.077500
2 0.487812 0.970000 0.026875 0.048334
2 0.522500 0.613750 0.027500 0.037500
2 0.555625 0.662917 0.038750 0.042500
2 0.560625 0.617083 0.041250 0.072500
2 0.616250 0.347500 0.053750 0.063334
2 0.648438 0.285833 0.030625 0.060000
2 0.684063 0.288333 0.043125 0.055000
2 0.698125 0.346666 0.045000 0.051667
2 0.715313 0.209583 0.058125 0.077500
2 0.719375 0.942916 0.033750 0.030833
2 0.733125 0.367500 0.040000 0.051666
2 0.744687 0.325416 0.029375 0.035833
2 0.748750 0.591250 0.037500 0.072500
2 0.787500 0.970417 0.037500 0.037500
2 0.790625 0.388333 0.031250 0.041667
2 0.806250 0.753333 0.046250 0.058333
2 0.818125 0.309167 0.040000 0.058333
2 0.833750 0.366667 0.045000 0.056667
2 0.904062 0.576250 0.056875 0.065834
2 0.935937 0.314167 0.058125 0.045000
2 0.935938 0.277917 0.043125 0.075833