0 0.868750 0.664165 0.087500 0.101314
0 0.008750 0.373358 0.017500 0.063790
0 0.025000 0.273921 0.050000 0.041276
0 0.039375 0.410882 0.078750 0.101313
0 0.099375 0.509381 0.198750 0.166980
0 0.027500 0.302063 0.052500 0.030019
0 0.158125 0.750469 0.281250 0.210132
0 0.083750 0.274859 0.075000 0.084428
0 0.121875 0.983115 0.078750 0.030019
0 0.179375 0.926829 0.116250 0.120075
0 0.164375 0.388367 0.061250 0.075047
0 0.224375 0.951219 0.121250 0.093809
0 0.225625 0.317073 0.078750 0.090056
0 0.235000 0.381801 0.080000 0.103190
0 0.295000 0.382740 0.062500 0.078799
0 0.320000 0.961539 0.105000 0.073171
0 0.306250 0.484052 0.062500 0.123827
0 0.285625 0.182927 0.018750 0.028142
0 0.297500 0.198875 0.017500 0.030019
0 0.363125 0.505629 0.098750 0.121951
0 0.368125 0.356473 0.066250 0.067542
0 0.384375 0.422138 0.093750 0.116323
0 0.374375 0.202626 0.018750 0.033771
0 0.387500 0.227017 0.017500 0.030018
0 0.448750 0.508443 0.087500 0.101313
0 0.540625 0.774860 0.246250 0.247655
0 0.460000 0.435272 0.077500 0.101314
0 0.448750 0.326454 0.042500 0.078800
0 0.540000 0.844278 0.100000 0.116323
0 0.554375 0.441839 0.078750 0.125703
0 0.571250 0.987805 0.070000 0.020638
0 0.568750 0.486867 0.042500 0.065666
0 0.624375 0.458725 0.088750 0.121951
0 0.633125 0.926829 0.098750 0.142589
0 0.696250 0.938087 0.122500 0.120075
0 0.682500 0.489681 0.057500 0.086304
0 0.700625 0.427767 0.083750 0.112571
0 0.792500 0.662289 0.227500 0.236398
0 0.901875 0.862101 0.113750 0.133208
0 0.959375 0.958724 0.078750 0.078799
0 0.973125 0.881801 0.051250 0.127580