2 0.052187 0.775625 0.030625 0.053750
2 0.080937 0.890625 0.034375 0.068750
2 0.129688 0.826875 0.024375 0.063750
2 0.137500 0.185000 0.040000 0.087500
2 0.162812 0.669375 0.026875 0.056250
2 0.169063 0.883125 0.023125 0.038750
2 0.197188 0.542500 0.025625 0.090000
2 0.252812 0.091250 0.024375 0.070000
2 0.304688 0.223125 0.028125 0.056250
2 0.324063 0.036250 0.025625 0.045000
2 0.359063 0.038125 0.019375 0.053750
2 0.414062 0.236250 0.024375 0.062500
2 0.675625 0.273125 0.052500 0.073750
2 0.725625 0.260625 0.045000 0.116250
2 0.729375 0.143750 0.052500 0.092500
2 0.758750 0.388750 0.042500 0.105000
2 0.773750 0.311875 0.048750 0.058750
2 0.773438 0.188750 0.035625 0.095000
2 0.799063 0.240000 0.059375 0.102500
2 0.811875 0.323125 0.041250 0.066250