4 0.545608 0.327500 0.155406 0.127500
4 0.087416 0.079375 0.152871 0.121250
4 0.472550 0.222188 0.911317 0.444375
4 0.084037 0.011875 0.048142 0.023750
4 0.182010 0.042813 0.142736 0.085625
4 0.177365 0.226875 0.087838 0.097500
4 0.205236 0.125625 0.133445 0.115000
4 0.251267 0.188438 0.134290 0.085625
4 0.247889 0.275625 0.122467 0.082500
4 0.346283 0.083750 0.126689 0.160000
4 0.349662 0.229687 0.094594 0.058125
4 0.381757 0.149688 0.113176 0.090625
4 0.434121 0.415938 0.101351 0.071875
4 0.438345 0.051250 0.064189 0.102500
4 0.482686 0.020625 0.059966 0.041250
4 0.623311 0.399375 0.125000 0.093750
4 0.752112 0.364375 0.110641 0.116250
4 0.857685 0.330937 0.117399 0.100625
4 0.879645 0.210000 0.097128 0.121250