4 0.230000 0.495625 0.191666 0.141250
4 0.280000 0.600625 0.118334 0.065000
4 0.310416 0.690313 0.170833 0.114375
4 0.431250 0.243125 0.254166 0.165000
4 0.417500 0.588750 0.166666 0.122500
4 0.457500 0.767187 0.163334 0.124375
4 0.449584 0.433125 0.084167 0.092500
4 0.495000 0.674063 0.125000 0.071875
4 0.560000 0.339375 0.168334 0.120000
4 0.546666 0.641563 0.118333 0.081875
4 0.589584 0.464687 0.200833 0.179375
4 0.595417 0.729688 0.129167 0.108125
4 0.603333 0.614375 0.141667 0.120000
4 0.641667 0.051250 0.163333 0.102500
4 0.619166 0.155625 0.113333 0.111250
4 0.662500 0.262500 0.155000 0.136250
4 0.675000 0.811562 0.125000 0.118125
4 0.710417 0.421250 0.132500 0.112500
4 0.737500 0.667500 0.186666 0.167500
4 0.716250 0.080625 0.139166 0.125000
4 0.726666 0.535000 0.136667 0.111250
4 0.775416 0.174375 0.139167 0.111250
4 0.774166 0.278750 0.131667 0.111250
4 0.777500 0.762813 0.130000 0.136875
4 0.918750 0.191563 0.160834 0.145625
4 0.980000 0.755000 0.038334 0.083750