4 0.099687 0.267500 0.199375 0.200000
4 0.144375 0.876667 0.207500 0.215000
4 0.220625 0.232500 0.117500 0.166666
4 0.315625 0.830000 0.142500 0.221666
4 0.330000 0.148334 0.136250 0.218333
4 0.452500 0.767917 0.147500 0.177500
4 0.451250 0.194583 0.113750 0.132500
4 0.569375 0.162500 0.112500 0.148334
4 0.603750 0.756250 0.160000 0.180834
4 0.667500 0.140417 0.105000 0.137500
4 0.689688 0.666250 0.128125 0.177500
4 0.779062 0.088750 0.098125 0.172500
4 0.809063 0.695833 0.126875 0.163333
4 0.846562 0.160000 0.129375 0.160000
4 0.869687 0.613750 0.119375 0.140834
4 0.950000 0.555416 0.098750 0.144167
4 0.978438 0.446250 0.041875 0.129166