4 0.039688 0.672138 0.029375 0.051595
4 0.169375 0.531895 0.007500 0.015010
4 0.171250 0.549249 0.006250 0.019699
4 0.182188 0.559569 0.010625 0.014071
4 0.188125 0.548781 0.008750 0.011257
4 0.320000 0.588649 0.013750 0.029080
4 0.508437 0.843808 0.015625 0.027205
4 0.517187 0.898687 0.030625 0.082552
4 0.525000 0.845685 0.012500 0.023452
4 0.550000 0.915103 0.040000 0.057223
4 0.540937 0.880394 0.016875 0.030956
4 0.552812 0.784709 0.031875 0.044090
4 0.564688 0.827861 0.025625 0.047842
4 0.567813 0.860225 0.016875 0.024390
4 0.595000 0.863039 0.035000 0.065666