4 0.189543 0.478758 0.186275 0.189542
4 0.196896 0.638889 0.197713 0.258170
4 0.290033 0.388072 0.168301 0.168300
4 0.354575 0.768791 0.205882 0.227124
4 0.373366 0.465687 0.187908 0.186275
4 0.389706 0.595588 0.171568 0.165033
4 0.385621 0.285948 0.150326 0.196078
4 0.442810 0.163399 0.140523 0.183007
4 0.489379 0.362745 0.191176 0.160130
4 0.513072 0.831700 0.183006 0.199347
4 0.544934 0.680555 0.200981 0.184641
4 0.513888 0.254902 0.125817 0.124183
4 0.536764 0.509804 0.168301 0.176470
4 0.610294 0.188725 0.135621 0.145425
4 0.625000 0.308007 0.132352 0.119281
4 0.660948 0.417484 0.165033 0.187909
4 0.709967 0.601307 0.197713 0.199346
4 0.749183 0.232026 0.171568 0.183006
4 0.787581 0.340687 0.153595 0.171569
4 0.812091 0.500000 0.179739 0.163398