4 0.147500 0.659944 0.295000 0.353659
4 0.099063 0.219981 0.194375 0.439962
4 0.285312 0.870544 0.434375 0.257036
4 0.223438 0.411820 0.233125 0.399624
4 0.284687 0.145403 0.191875 0.290807
4 0.374063 0.590526 0.229375 0.423077
4 0.432813 0.329737 0.195625 0.329268
4 0.500000 0.149155 0.246250 0.298311
4 0.553438 0.522045 0.226875 0.398686
4 0.489375 0.804879 0.055000 0.206379
4 0.612500 0.797842 0.207500 0.346154
4 0.700000 0.492965 0.258750 0.355535
4 0.698750 0.182927 0.253750 0.322702
4 0.739688 0.907129 0.269375 0.183865
4 0.829375 0.710600 0.295000 0.336773
4 0.874688 0.221388 0.249375 0.365853
4 0.879063 0.486398 0.240625 0.353659