4 0.158438 0.113128 0.081875 0.107077
4 0.151562 0.533985 0.026875 0.043762
4 0.162188 0.572160 0.018125 0.051210
4 0.196563 0.370112 0.054375 0.105214
4 0.319063 0.708101 0.019375 0.040037
4 0.339688 0.457635 0.024375 0.036312
4 0.385000 0.297952 0.053750 0.076350
4 0.386250 0.394786 0.048750 0.074488
4 0.395937 0.366387 0.026875 0.043761
4 0.449688 0.364990 0.031875 0.068901
4 0.491563 0.804004 0.025625 0.045624
4 0.508750 0.261174 0.055000 0.058659
4 0.507500 0.376630 0.035000 0.053073
4 0.529688 0.402235 0.033125 0.055866
4 0.557813 0.364059 0.023125 0.024209
4 0.563438 0.403631 0.025625 0.045624
4 0.586250 0.258380 0.015000 0.034450
4 0.601562 0.355680 0.030625 0.050279
4 0.635000 0.338454 0.031250 0.053073
4 0.661875 0.342178 0.017500 0.041899
4 0.682500 0.349627 0.012500 0.038175
4 0.691563 0.324488 0.020625 0.036313
4 0.702187 0.253259 0.014375 0.020484
4 0.708125 0.320298 0.012500 0.027933
4 0.710625 0.286779 0.017500 0.026071
4 0.715625 0.266760 0.020000 0.025140
4 0.735313 0.282123 0.021875 0.031658
4 0.765625 0.264898 0.020000 0.025139
4 0.799063 0.195997 0.015625 0.040037
4 0.804062 0.247672 0.010625 0.031657
4 0.816250 0.221136 0.013750 0.036312
4 0.831562 0.731378 0.024375 0.053072
4 0.848437 0.592645 0.024375 0.034451
4 0.861563 0.618715 0.018125 0.034450
4 0.893125 0.347765 0.013750 0.027002