4 0.260937 0.741138 0.219375 0.275186
4 0.261562 0.272388 0.176875 0.259328
4 0.492812 0.439365 0.639375 0.847015
4 0.331562 0.502799 0.249375 0.311567
4 0.439063 0.715951 0.195625 0.362873
4 0.407187 0.236007 0.124375 0.233209
4 0.458750 0.550840 0.205000 0.262127
4 0.484688 0.354478 0.133125 0.229477
4 0.514687 0.174907 0.149375 0.208022
4 0.612187 0.433303 0.216875 0.329291
4 0.574375 0.325093 0.085000 0.178172
4 0.651875 0.694963 0.196250 0.291045
4 0.748125 0.555504 0.108750 0.249067
4 0.744063 0.747668 0.055625 0.120336