0 0.349219 0.138281 0.570313 0.251562
0 0.289844 0.455469 0.226562 0.242188
0 0.400782 0.437500 0.192187 0.209376
0 0.446875 0.846875 0.228126 0.303126
0 0.484376 0.420312 0.153125 0.221875
0 0.686719 0.639062 0.364063 0.112500
0 0.609375 0.369531 0.175000 0.210938
0 0.651562 0.835938 0.206250 0.325001
0 0.713281 0.362500 0.214062 0.206250
0 0.842969 0.843750 0.192187 0.309376
0 0.956250 0.801562 0.084376 0.328125
3 0.164844 0.171094 0.198437 0.176562
3 0.258594 0.143750 0.192188 0.181250
3 0.290625 0.463281 0.228124 0.242188
3 0.335938 0.050001 0.199999 0.053125
3 0.417188 0.070312 0.234375 0.059375
3 0.407031 0.450000 0.182812 0.209375
3 0.446094 0.120313 0.239063 0.043750
3 0.448437 0.848438 0.231250 0.300000
3 0.498437 0.179688 0.253125 0.118751
3 0.484376 0.423437 0.153125 0.225000
3 0.684375 0.631251 0.368750 0.109375
3 0.608594 0.378125 0.173437 0.200000
3 0.650781 0.837500 0.198438 0.321876
3 0.712500 0.362501 0.196876 0.203125
3 0.837500 0.842969 0.190625 0.310938
3 0.957032 0.800001 0.082813 0.328125