4 0.275625 0.666250 0.072500 0.075834
4 0.298438 0.549166 0.065625 0.093333
4 0.329375 0.657500 0.071250 0.103334
4 0.353125 0.575416 0.090000 0.079167
4 0.339062 0.468334 0.058125 0.091667
4 0.375312 0.642084 0.056875 0.079167
4 0.381563 0.566666 0.044375 0.103333
4 0.563750 0.410417 0.056250 0.127500
4 0.581875 0.497916 0.080000 0.079167
4 0.612812 0.437500 0.071875 0.103334
4 0.644062 0.518750 0.054375 0.072500
4 0.652188 0.356250 0.055625 0.084166
4 0.664375 0.403750 0.046250 0.075834
4 0.778438 0.591250 0.098125 0.114166