4 0.256875 0.239331 0.102500 0.189121
4 0.296563 0.728870 0.076875 0.120502
4 0.560938 0.979498 0.031875 0.039330
4 0.590000 0.789540 0.038750 0.082845
4 0.616250 0.507532 0.050000 0.101255
4 0.682813 0.082008 0.064375 0.164017
4 0.686562 0.967364 0.028125 0.050210
4 0.723750 0.815899 0.028750 0.056903
4 0.759688 0.614226 0.030625 0.063598
4 0.804063 0.828033 0.024375 0.039331
4 0.822187 0.352720 0.036875 0.094561
4 0.844062 0.678243 0.026875 0.049373
4 0.898750 0.492050 0.028750 0.056904
4 0.897500 0.712552 0.012500 0.029289
4 0.910937 0.020084 0.026875 0.040167
4 0.943750 0.567782 0.017500 0.039331
4 0.972187 0.246444 0.025625 0.076151
4 0.992812 0.387866 0.013125 0.041004