4 0.051562 0.077778 0.103125 0.155556
4 0.083750 0.778889 0.167500 0.440000
4 0.270625 0.793889 0.265000 0.410000
4 0.313438 0.146111 0.215625 0.292222
4 0.415000 0.450000 0.257500 0.282222
4 0.326562 0.086111 0.046875 0.065556
4 0.530000 0.785556 0.251250 0.426667
4 0.554375 0.111111 0.212500 0.222222
4 0.778438 0.768889 0.261875 0.460000
4 0.790000 0.043889 0.236250 0.087778
4 0.939688 0.773334 0.119375 0.451111
4 0.927188 0.012778 0.035625 0.025556
4 0.953125 0.028889 0.052500 0.057778
4 0.975000 0.058889 0.045000 0.066666
4 0.989688 0.027778 0.018125 0.055556