3 0.269687 0.198300 0.139375 0.239849
3 0.492188 0.403211 0.038125 0.073655
3 0.518750 0.416903 0.055000 0.053824
3 0.533125 0.509915 0.056250 0.058546
3 0.552500 0.271482 0.082500 0.093485
3 0.592187 0.356468 0.118125 0.108593
3 0.553125 0.479698 0.035000 0.071766
3 0.591875 0.490085 0.050000 0.077432
3 0.590938 0.238432 0.045625 0.127479
3 0.590313 0.408876 0.034375 0.073655
3 0.618437 0.467422 0.039375 0.066100
3 0.634688 0.395656 0.069375 0.088763
3 0.648438 0.254013 0.076875 0.143532
3 0.674375 0.409821 0.036250 0.064211
3 0.679375 0.356940 0.046250 0.088763
3 0.697500 0.241265 0.053750 0.110481
3 0.736563 0.372993 0.080625 0.141643
3 0.770938 0.362606 0.058125 0.139754
3 0.875625 0.498112 0.046250 0.053825
3 0.889687 0.457507 0.035625 0.085930
3 0.923437 0.463173 0.041875 0.085930
3 0.942500 0.446648 0.045000 0.060434