4 0.051875 0.526168 0.103750 0.271028
4 0.094375 0.082243 0.188750 0.164486
4 0.088125 0.276636 0.173750 0.239253
4 0.170000 0.474766 0.280000 0.302804
4 0.205625 0.615888 0.153750 0.338318
4 0.245625 0.244860 0.203750 0.201869
4 0.178750 0.075701 0.052500 0.151402
4 0.247500 0.077570 0.140000 0.155140
4 0.346250 0.839252 0.322500 0.194393
4 0.321250 0.088785 0.235000 0.177570
4 0.338750 0.594393 0.150000 0.328972
4 0.380625 0.296262 0.193750 0.338318
4 0.443125 0.728038 0.288750 0.289719
4 0.497500 0.482243 0.222500 0.231776
4 0.497500 0.100000 0.160000 0.200000
4 0.540625 0.237383 0.146250 0.295327
4 0.596875 0.557944 0.138750 0.282243
4 0.625625 0.797197 0.196250 0.263551
4 0.585625 0.081308 0.043750 0.121495
4 0.656875 0.099066 0.173750 0.198131
4 0.668750 0.276636 0.165000 0.276635
4 0.680000 0.503739 0.172500 0.207477
4 0.726875 0.195327 0.191250 0.241122
4 0.747500 0.690654 0.190000 0.256075
4 0.798750 0.061682 0.125000 0.115888
4 0.836875 0.373831 0.178750 0.246729
4 0.840000 0.544860 0.167500 0.263552
4 0.902500 0.294393 0.170000 0.256075
4 0.901250 0.089719 0.102500 0.168225
4 0.945625 0.165421 0.106250 0.200000