2 0.258437 0.955910 0.071875 0.084428
2 0.289062 0.885085 0.081875 0.115385
2 0.322813 0.780957 0.076875 0.126642
2 0.329688 0.947467 0.070625 0.103190
2 0.358437 0.696529 0.081875 0.111632
2 0.358437 0.880864 0.079375 0.120075
2 0.388437 0.598968 0.065625 0.109756
2 0.392188 0.788462 0.073125 0.122889
2 0.398750 0.959194 0.060000 0.079737
2 0.417813 0.506097 0.070625 0.111633
2 0.430937 0.689493 0.080625 0.108818
2 0.432812 0.866322 0.076875 0.117261
2 0.446875 0.409474 0.095000 0.115385
2 0.459062 0.599906 0.073125 0.115384
2 0.465938 0.962008 0.064375 0.074109
2 0.471250 0.783772 0.068750 0.121013
2 0.480312 0.322233 0.084375 0.121013
2 0.500000 0.500000 0.065000 0.106942
2 0.501250 0.685272 0.065000 0.121014
2 0.509687 0.881801 0.076875 0.121951
2 0.515937 0.211538 0.081875 0.119137
2 0.527500 0.401970 0.087500 0.119136
2 0.535313 0.581614 0.064375 0.086303
2 0.541562 0.781895 0.069375 0.109756
2 0.547500 0.964822 0.065000 0.068480
2 0.554688 0.113509 0.071875 0.099437
2 0.556563 0.298781 0.070625 0.109757
2 0.548750 0.500938 0.032500 0.075047
2 0.574062 0.032833 0.073125 0.065666
2 0.576250 0.682458 0.077500 0.104128
2 0.580937 0.871951 0.080625 0.106004
2 0.592188 0.208724 0.073125 0.094747
2 0.613437 0.102721 0.076875 0.121013
2 0.617813 0.770637 0.063125 0.121013
2 0.622188 0.950751 0.069375 0.096623
2 0.631563 0.283771 0.071875 0.106004
2 0.648750 0.023921 0.086250 0.047842
2 0.655938 0.687617 0.076875 0.093809
2 0.659062 0.194184 0.080625 0.084428
2 0.658438 0.864447 0.074375 0.132271
2 0.694688 0.087711 0.078125 0.102252
2 0.701250 0.773452 0.065000 0.104128
2 0.710313 0.288462 0.070625 0.104127
2 0.733437 0.675891 0.079375 0.092870
2 0.731563 0.175892 0.074375 0.121013
2 0.732187 0.032833 0.073125 0.065666
2 0.783438 0.098030 0.075625 0.115384
2 0.789687 0.273452 0.088125 0.115384
2 0.808125 0.465760 0.048750 0.122890
2 0.798437 0.580675 0.021875 0.088180
2 0.833438 0.365385 0.075625 0.104127
2 0.860000 0.083959 0.091250 0.121013
2 0.865938 0.272514 0.071875 0.117260
2 0.912500 0.191838 0.088750 0.117261
2 0.953125 0.091464 0.092500 0.121013