4 0.079375 0.200000 0.158750 0.123334
4 0.105625 0.436667 0.211250 0.090000
4 0.139375 0.605000 0.278750 0.253334
4 0.123750 0.100000 0.182500 0.163334
4 0.162500 0.236667 0.117500 0.080000
4 0.185000 0.309167 0.125000 0.175000
4 0.207500 0.087500 0.152500 0.131666
4 0.213125 0.201666 0.076250 0.076667
4 0.265000 0.360834 0.177500 0.191667
4 0.235000 0.175833 0.105000 0.085000
4 0.305625 0.053333 0.106250 0.106667
4 0.306875 0.126667 0.101250 0.143333
4 0.386250 0.690833 0.232500 0.345000
4 0.400000 0.437500 0.187500 0.231666
4 0.416250 0.048334 0.145000 0.096667
4 0.410625 0.093334 0.103750 0.073333
4 0.498750 0.041667 0.122500 0.083333
4 0.537500 0.199167 0.162500 0.161667
4 0.493750 0.100833 0.065000 0.075000
4 0.584375 0.465834 0.193750 0.228333
4 0.599375 0.070833 0.096250 0.098333
4 0.663125 0.699167 0.196250 0.325000
4 0.756875 0.460000 0.181250 0.216666
4 0.706875 0.068333 0.061250 0.080000
4 0.837500 0.375000 0.172500 0.173334
4 0.788750 0.114167 0.072500 0.098333
4 0.876250 0.669166 0.245000 0.281667
4 0.872500 0.280834 0.132500 0.151667
4 0.883750 0.175000 0.145000 0.060000
4 0.930000 0.505834 0.137500 0.278333