0 0.005625 0.883678 0.011250 0.035647
0 0.009375 0.806755 0.018750 0.054409
0 0.020938 0.732646 0.040625 0.052533
0 0.022812 0.787524 0.044375 0.060975
0 0.009687 0.849437 0.014375 0.044090
0 0.038125 0.702157 0.040000 0.040337
0 0.086875 0.902439 0.133750 0.091932
0 0.055938 0.766885 0.036875 0.051595
0 0.053437 0.719043 0.029375 0.017824
0 0.051562 0.680581 0.015625 0.014071
0 0.053750 0.694653 0.017500 0.038462
0 0.061562 0.835365 0.028125 0.030957
0 0.076563 0.689963 0.036875 0.047843
0 0.077813 0.817542 0.033125 0.019700
0 0.093125 0.913696 0.046250 0.060038
0 0.092500 0.845685 0.042500 0.040338
0 0.110000 0.833959 0.036250 0.048781
0 0.106875 0.711539 0.016250 0.034709
0 0.123438 0.757505 0.019375 0.030957
0 0.135937 0.717167 0.025625 0.027204
0 0.140937 0.697467 0.018125 0.036586
0 0.145313 0.742495 0.026875 0.045966
0 0.195000 0.835365 0.108750 0.119137
0 0.151250 0.699343 0.017500 0.032833
0 0.208125 0.932927 0.040000 0.059100
0 0.215000 0.902908 0.033750 0.032833
0 0.234375 0.945591 0.041250 0.058162
0 0.250938 0.916041 0.038125 0.045966
0 0.276562 0.932927 0.045625 0.060976
0 0.292500 0.885085 0.037500 0.047843
0 0.304688 0.856942 0.030625 0.027204
0 0.329063 0.881801 0.033125 0.050656
0 0.327812 0.848030 0.018125 0.013134
0 0.330625 0.843809 0.017500 0.021576
0 0.353437 0.868198 0.028125 0.053471
0 0.457187 0.837711 0.096875 0.078800
0 0.473437 0.766885 0.024375 0.047843
0 0.481563 0.736867 0.030625 0.038462
0 0.487187 0.781895 0.024375 0.029080
0 0.503437 0.755159 0.033125 0.020637
0 0.504062 0.765478 0.026875 0.046905
0 0.515625 0.861632 0.037500 0.042214
0 0.531562 0.845685 0.030625 0.047842
0 0.617188 0.777205 0.086875 0.051595
0 0.610937 0.873827 0.033125 0.044090
0 0.653750 0.894465 0.037500 0.047843
0 0.655312 0.865854 0.021875 0.013133
0 0.688438 0.894465 0.031875 0.044090
0 0.689062 0.766885 0.033125 0.042213
0 0.689688 0.869137 0.034375 0.036586
0 0.692813 0.787524 0.035625 0.049719
0 0.723750 0.776266 0.031250 0.053471
0 0.744687 0.790337 0.034375 0.047843
0 0.803125 0.837711 0.036250 0.050656
0 0.805000 0.810976 0.040000 0.045967
0 0.838437 0.842871 0.039375 0.044090
0 0.840938 0.804409 0.031875 0.032834
0 0.862812 0.831144 0.031875 0.056285
0 0.922187 0.848499 0.020625 0.025328
0 0.956562 0.838180 0.085625 0.115384
0 0.944063 0.874297 0.035625 0.050657
0 0.949688 0.983583 0.036875 0.030957
0 0.953750 0.836773 0.032500 0.024390
0 0.970938 0.811913 0.025625 0.036585
0 0.972187 0.871013 0.028125 0.047842
0 0.985938 0.979831 0.026875 0.038462
0 0.986563 0.857880 0.025625 0.047842
0 0.985313 0.818480 0.020625 0.038461
0 0.987187 0.793621 0.024375 0.018762
0 0.993437 0.917449 0.011875 0.045029
0 0.995313 0.937617 0.008125 0.045966
0 0.996563 0.823171 0.005625 0.032833