4 0.089063 0.588282 0.178125 0.185937
4 0.149219 0.350781 0.189062 0.232812
4 0.180468 0.738282 0.232813 0.207813
4 0.252344 0.571875 0.273437 0.206250
4 0.196094 0.454687 0.107812 0.093749
4 0.302343 0.143750 0.223437 0.225000
4 0.325781 0.387500 0.198438 0.168750
4 0.373437 0.844531 0.203125 0.198437
4 0.476562 0.232812 0.187500 0.140625
4 0.471093 0.121094 0.154687 0.126562
4 0.538281 0.777343 0.226563 0.204687
4 0.636719 0.192188 0.154688 0.153125
4 0.670312 0.872656 0.200000 0.195312
4 0.746094 0.259375 0.223438 0.150000
4 0.768749 0.427344 0.190625 0.195312
4 0.817969 0.736719 0.135938 0.170312
4 0.856251 0.564844 0.159375 0.179688
4 0.903906 0.412500 0.189063 0.206250