2 0.807617 0.650143 0.193359 0.265805
2 0.094727 0.472701 0.125000 0.068966
2 0.097657 0.573276 0.119141 0.155172
2 0.194824 0.561063 0.114258 0.147988
2 0.179200 0.404455 0.081055 0.079023
2 0.206543 0.604167 0.088868 0.153736
2 0.199219 0.418822 0.058594 0.084770
2 0.214356 0.466954 0.065429 0.057472
2 0.270996 0.677442 0.133789 0.202587
2 0.332519 0.473419 0.139649 0.170977
2 0.387695 0.635776 0.154297 0.205460
2 0.399902 0.798132 0.170899 0.179598
2 0.406250 0.518678 0.125000 0.120690
2 0.469726 0.416666 0.099609 0.135057
2 0.504883 0.769397 0.109375 0.156609
2 0.530274 0.436063 0.082031 0.096264
2 0.595703 0.305316 0.136718 0.179598
2 0.645508 0.468390 0.148438 0.204023
2 0.665527 0.720546 0.104492 0.104885
2 0.680176 0.341954 0.086914 0.103448
2 0.707520 0.603449 0.086915 0.094827
2 0.752930 0.839081 0.144531 0.178161
2 0.796875 0.436063 0.148438 0.153736
2 0.797364 0.316810 0.139649 0.142241
2 0.914063 0.863506 0.156250 0.183908
2 0.929199 0.261495 0.125977 0.206897
2 0.918945 0.586925 0.082031 0.130747
2 0.940430 0.465518 0.117187 0.244253
2 0.958008 0.676006 0.082031 0.216954