2 0.105000 0.505254 0.210000 0.273205
2 0.102813 0.308669 0.193125 0.184764
2 0.240625 0.193958 0.153750 0.112960
2 0.321250 0.632224 0.276250 0.343258
2 0.281562 0.329685 0.181875 0.193520
2 0.337187 0.169002 0.083125 0.087566
2 0.329688 0.210158 0.064375 0.101576
2 0.421250 0.211909 0.153750 0.162872
2 0.477500 0.391419 0.197500 0.241681
2 0.433125 0.103328 0.106250 0.096323
2 0.644062 0.754817 0.295625 0.441331
2 0.588437 0.278896 0.173125 0.179509
2 0.575625 0.109895 0.130000 0.098950
2 0.721562 0.500000 0.275625 0.330998
2 0.676875 0.214973 0.150000 0.176007
2 0.722187 0.136603 0.130625 0.141857
2 0.829375 0.342382 0.193750 0.215412
2 0.872187 0.237741 0.176875 0.172504
2 0.874062 0.137478 0.165625 0.096322