4 0.897813 0.292683 0.143125 0.187618
4 0.100000 0.433865 0.200000 0.867730
4 0.104063 0.163696 0.208125 0.327392
4 0.484062 0.588180 0.575625 0.821764
4 0.551562 0.034709 0.450625 0.069418
4 0.410938 0.172607 0.145625 0.138837
4 0.383437 0.029080 0.076875 0.058161
4 0.465313 0.035647 0.086875 0.071295
4 0.575625 0.036585 0.115000 0.069419
4 0.685625 0.035647 0.095000 0.071295
4 0.909062 0.493433 0.180625 0.771107
4 0.874375 0.499531 0.108750 0.203564
4 0.911250 0.014540 0.176250 0.029081
4 0.886250 0.019231 0.101250 0.038462
4 0.897188 0.657129 0.088125 0.173546
4 0.942813 0.761726 0.113125 0.217636
4 0.961875 0.018292 0.075000 0.036585
4 0.962187 0.583959 0.074375 0.214822
4 0.963437 0.388837 0.071875 0.194184