4 0.707520 0.214796 0.108399 0.115306
4 0.177735 0.477041 0.134765 0.070408
4 0.169922 0.538776 0.113281 0.069387
4 0.179688 0.412755 0.132813 0.074490
4 0.187011 0.345918 0.106445 0.079592
4 0.187500 0.589286 0.107422 0.066327
4 0.215820 0.649490 0.121094 0.107143
4 0.224121 0.293878 0.100586 0.089796
4 0.252441 0.254591 0.090821 0.086735
4 0.256836 0.708673 0.089844 0.117347
4 0.289551 0.485715 0.096680 0.057143
4 0.295899 0.559694 0.099609 0.066326
4 0.296875 0.420918 0.097656 0.062245
4 0.296387 0.212755 0.079102 0.101020
4 0.308593 0.755613 0.087891 0.123469
4 0.311035 0.364286 0.092774 0.077551
4 0.335449 0.623469 0.094726 0.083673
4 0.341797 0.313265 0.078125 0.093877
4 0.352051 0.179592 0.090820 0.110204
4 0.369141 0.782143 0.066406 0.125510
4 0.381836 0.651021 0.091796 0.104081
4 0.385254 0.507653 0.084961 0.066326
4 0.389160 0.444388 0.086914 0.060204
4 0.389160 0.289796 0.059570 0.102040
4 0.409180 0.392857 0.085937 0.079592
4 0.416992 0.555612 0.078125 0.086735
4 0.412109 0.162245 0.066406 0.104082
4 0.436035 0.815816 0.092774 0.119388
4 0.451172 0.696429 0.066406 0.117347
4 0.450195 0.271939 0.054687 0.096939
4 0.452637 0.363265 0.059570 0.089796
4 0.475097 0.578572 0.061523 0.104081
4 0.484864 0.460204 0.071289 0.079592
4 0.488769 0.159184 0.079101 0.122449
4 0.512695 0.822449 0.068359 0.128572
4 0.515137 0.272960 0.073242 0.096939
4 0.524903 0.686225 0.081055 0.131633
4 0.521485 0.363265 0.064453 0.089796
4 0.537110 0.566836 0.070313 0.086735
4 0.565430 0.394898 0.085937 0.069388
4 0.575195 0.522960 0.099609 0.072449
4 0.569824 0.159184 0.071289 0.112245
4 0.573730 0.811735 0.069336 0.131633
4 0.591309 0.460715 0.104493 0.062245
4 0.582031 0.280102 0.080078 0.090816
4 0.589355 0.672449 0.081055 0.108164
4 0.619140 0.311735 0.101563 0.076531
4 0.621582 0.627041 0.106446 0.082653
4 0.630859 0.173980 0.093750 0.096939
4 0.631348 0.791837 0.083008 0.122449
4 0.658203 0.353061 0.099610 0.075510
4 0.662110 0.576531 0.101563 0.079592
4 0.682129 0.747959 0.108398 0.104082
4 0.691407 0.452041 0.113281 0.059184
4 0.686524 0.395408 0.095703 0.060204
4 0.692383 0.523980 0.107422 0.068367
4 0.729492 0.689285 0.103516 0.088775
4 0.740723 0.266837 0.104492 0.064286
4 0.772460 0.647960 0.109375 0.091837
4 0.770019 0.315816 0.094727 0.084694
4 0.797852 0.379082 0.109375 0.072449
4 0.807617 0.572959 0.119141 0.088776
4 0.809082 0.443368 0.116211 0.062245
4 0.821777 0.519388 0.122070 0.055102