1 0.948242 0.261068 0.101562 0.037760
1 0.948242 0.280599 0.101562 0.032552
1 0.959960 0.235677 0.078125 0.052084
2 0.104004 0.116537 0.208008 0.233073
2 0.126953 0.324870 0.146484 0.147136
2 0.281738 0.246094 0.239258 0.304688
2 0.307129 0.427735 0.174804 0.110677
2 0.289062 0.068360 0.042969 0.087239
2 0.399414 0.080729 0.193360 0.161458
2 0.482422 0.277343 0.177734 0.273437
2 0.451660 0.431640 0.114258 0.076823
2 0.608398 0.120442 0.201172 0.240885
2 0.645020 0.672526 0.075195 0.069010
2 0.727539 0.716146 0.097656 0.091146
2 0.739746 0.593099 0.114258 0.157552
2 0.790528 0.679037 0.057617 0.118489
2 0.828613 0.639323 0.079102 0.106770
2 0.866699 0.602864 0.094726 0.104167
2 0.903809 0.557292 0.081055 0.119792