2 0.014844 0.903646 0.029687 0.030208
2 0.059765 0.667188 0.027343 0.036459
2 0.100000 0.554688 0.039062 0.040625
2 0.154687 0.705729 0.031250 0.030208
2 0.157422 0.352083 0.035156 0.072917
2 0.194140 0.338541 0.039843 0.077083
2 0.200000 0.262500 0.050000 0.052084
2 0.215234 0.767708 0.019531 0.041667
2 0.252343 0.773438 0.039063 0.032291
2 0.283984 0.542188 0.055469 0.088541
2 0.367969 0.586458 0.059375 0.093750
2 0.389454 0.161459 0.038281 0.066667
2 0.406641 0.219271 0.035157 0.057292
2 0.449609 0.254688 0.050781 0.046875
2 0.465234 0.530729 0.058594 0.057292
2 0.491016 0.977604 0.053906 0.042708
2 0.510938 0.494271 0.046875 0.057292
2 0.549610 0.669270 0.063281 0.053125
2 0.556250 0.541146 0.062500 0.065625
2 0.584375 0.346875 0.031250 0.031250
2 0.596484 0.888542 0.055469 0.072917
2 0.664844 0.969792 0.051562 0.058333
2 0.652734 0.401041 0.019531 0.058333
2 0.710157 0.645312 0.039063 0.078125
2 0.711328 0.804167 0.027344 0.031250
2 0.721484 0.434896 0.024219 0.061458
2 0.737110 0.679688 0.046093 0.051041
2 0.749219 0.614583 0.031250 0.037500
2 0.768360 0.641146 0.032031 0.046875
2 0.938672 0.865105 0.058594 0.046875
2 0.934376 0.916667 0.028125 0.037500
2 0.967188 0.818229 0.031250 0.036458
2 0.985156 0.797396 0.020313 0.057292
2 0.987109 0.877604 0.024219 0.032292