4 0.048438 0.772657 0.096875 0.132813
4 0.071875 0.596094 0.096874 0.076562
4 0.153125 0.772657 0.115626 0.132813
4 0.167969 0.612501 0.095313 0.109375
4 0.259375 0.792969 0.096875 0.123438
4 0.253125 0.607031 0.081250 0.089063
4 0.328906 0.805469 0.098438 0.098438
4 0.335938 0.607813 0.090625 0.071875
4 0.357812 0.745312 0.084375 0.075000
4 0.425781 0.820312 0.101562 0.081249
4 0.423438 0.595313 0.090625 0.106250
4 0.411718 0.470312 0.048437 0.068750
4 0.440625 0.740626 0.087500 0.078125
4 0.429688 0.350781 0.053125 0.092187
4 0.470313 0.484375 0.078125 0.075000
4 0.498437 0.364843 0.068749 0.092187
4 0.514844 0.591406 0.082813 0.085938
4 0.520312 0.815625 0.087500 0.081250
4 0.534376 0.741406 0.078125 0.082812
4 0.539844 0.482812 0.067188 0.065625
4 0.576562 0.372657 0.078125 0.089063
4 0.596876 0.593750 0.078125 0.090626
4 0.620312 0.810156 0.106250 0.107812
4 0.613281 0.505468 0.067188 0.064063
4 0.614844 0.462500 0.067188 0.050000
4 0.632031 0.739843 0.089062 0.092187
4 0.652344 0.366406 0.057812 0.073437
4 0.685938 0.591406 0.093750 0.101562
4 0.675781 0.496094 0.057812 0.064062
4 0.716406 0.808593 0.085938 0.110937
4 0.714844 0.367188 0.070312 0.059375
4 0.749219 0.499219 0.079687 0.085938
4 0.771094 0.612500 0.082812 0.106250
4 0.787500 0.371093 0.059375 0.076563
4 0.796875 0.746093 0.078126 0.085937
4 0.805469 0.826562 0.095313 0.106249
4 0.824218 0.478125 0.079687 0.084375
4 0.847656 0.602344 0.089062 0.092188
4 0.864843 0.396875 0.085937 0.106250
4 0.872656 0.743750 0.079688 0.062500
4 0.893751 0.820312 0.078125 0.109375
4 0.890625 0.485156 0.059376 0.057813
4 0.919531 0.606250 0.082813 0.087500
4 0.959375 0.833594 0.075000 0.082812
4 0.961719 0.766406 0.073438 0.064062