4 0.044062 0.258474 0.088125 0.185499
4 0.073125 0.470809 0.121250 0.180791
4 0.113437 0.608286 0.138125 0.231638
4 0.137188 0.974106 0.063125 0.049905
4 0.246875 0.500000 0.161250 0.224106
4 0.276250 0.155367 0.136250 0.256121
4 0.256250 0.957156 0.091250 0.083804
4 0.272188 0.860640 0.074375 0.131827
4 0.374688 0.064501 0.135625 0.129002
4 0.381875 0.219868 0.116250 0.170433
4 0.415312 0.490584 0.178125 0.235405
4 0.466562 0.347457 0.168125 0.246705
4 0.500938 0.126177 0.170625 0.252354
4 0.479375 0.841337 0.098750 0.174200
4 0.570937 0.747645 0.056875 0.086629
4 0.621563 0.029661 0.095625 0.059322
4 0.720000 0.772128 0.247500 0.312618
4 0.696875 0.508474 0.186250 0.374765
4 0.752812 0.132769 0.069375 0.077213
4 0.839688 0.505649 0.128125 0.224105
4 0.850000 0.927966 0.102500 0.142184
4 0.861250 0.220809 0.098750 0.140301
4 0.942500 0.289548 0.051250 0.108286
4 0.970000 0.146893 0.042500 0.158192
4 0.971875 0.332863 0.043750 0.213747