4 0.040259 0.488372 0.080519 0.263566
4 0.055844 0.096899 0.111688 0.193798
4 0.138961 0.110465 0.090910 0.174418
4 0.157143 0.887597 0.122078 0.178294
4 0.242858 0.474807 0.142857 0.166667
4 0.254545 0.600776 0.140259 0.116279
4 0.231168 0.972868 0.083117 0.046512
4 0.312987 0.203489 0.142858 0.166667
4 0.397402 0.186047 0.109091 0.131783
4 0.445455 0.908915 0.153247 0.174419
4 0.483117 0.511628 0.124676 0.193798
4 0.564935 0.906977 0.137662 0.178295
4 0.574026 0.432171 0.145454 0.236435
4 0.614286 0.106589 0.168831 0.174418
4 0.651948 0.205427 0.103896 0.100775
4 0.805195 0.903101 0.129870 0.186046
4 0.818182 0.616279 0.150649 0.170542
4 0.835065 0.439922 0.174026 0.228683
4 0.849351 0.118217 0.129870 0.189922
4 0.953247 0.178294 0.088312 0.193799