4 0.057031 0.775000 0.114063 0.146874
4 0.078125 0.307812 0.156250 0.218751
4 0.079687 0.462500 0.159375 0.106250
4 0.093750 0.121094 0.187500 0.167188
4 0.175781 0.642969 0.351562 0.304688
4 0.187500 0.888281 0.375000 0.220313
4 0.087500 0.031250 0.146876 0.062500
4 0.196093 0.413281 0.332813 0.239062
4 0.221875 0.202344 0.309375 0.223438
4 0.284375 0.074219 0.256250 0.148438
4 0.442969 0.939844 0.392188 0.117188
4 0.460156 0.757812 0.360938 0.278125
4 0.407813 0.532813 0.253125 0.228125
4 0.475781 0.312500 0.292187 0.212500
4 0.477344 0.120313 0.207813 0.206250
4 0.489844 0.028125 0.164062 0.056250
4 0.656250 0.539063 0.303126 0.262500
4 0.682813 0.028907 0.196875 0.057813
4 0.764844 0.351562 0.357812 0.246875
4 0.718750 0.138282 0.256250 0.167187
4 0.748437 0.776562 0.309375 0.293750
4 0.764844 0.939063 0.304688 0.118751
4 0.893750 0.032031 0.209376 0.064062
4 0.904688 0.141406 0.187500 0.207812
4 0.913282 0.332813 0.170313 0.249999
4 0.922656 0.589063 0.151563 0.287501
4 0.953125 0.865626 0.090626 0.265625