4 0.495312 0.286250 0.076875 0.105834
4 0.194688 0.575416 0.016875 0.075833
4 0.208125 0.632500 0.028750 0.065000
4 0.246250 0.677500 0.040000 0.068334
4 0.298438 0.719583 0.054375 0.067500
4 0.355313 0.767916 0.080625 0.094167
4 0.351562 0.354167 0.046875 0.050000
4 0.381250 0.424167 0.046250 0.100000
4 0.427812 0.785000 0.088125 0.091666
4 0.436250 0.292083 0.037500 0.077500
4 0.490313 0.782500 0.099375 0.065000
4 0.578125 0.784167 0.083750 0.075000
4 0.569688 0.298750 0.059375 0.120834
4 0.621250 0.300833 0.072500 0.095000
4 0.640937 0.747916 0.064375 0.085833
4 0.695937 0.705000 0.058125 0.103334
4 0.731875 0.675833 0.047500 0.090000
4 0.760000 0.627500 0.037500 0.093334
4 0.780938 0.578334 0.026875 0.056667