0 0.145872 0.884062 0.261726 0.179375
0 0.117261 0.689062 0.048780 0.030625
0 0.181051 0.777500 0.048781 0.017500
0 0.375703 0.860938 0.059099 0.038125
0 0.403846 0.816563 0.064728 0.040625
0 0.428237 0.322813 0.057223 0.039375
0 0.431051 0.917500 0.051595 0.027500
0 0.423077 0.524375 0.020638 0.022500
0 0.503752 0.274062 0.063790 0.040625
0 0.491088 0.668750 0.032833 0.032500
0 0.493902 0.481563 0.038461 0.025625
0 0.515010 0.337187 0.076923 0.040625
0 0.510319 0.741250 0.046904 0.041250
0 0.533302 0.488125 0.045966 0.032500
0 0.583021 0.879062 0.136023 0.203125
0 0.560507 0.669375 0.059099 0.037500
0 0.601313 0.389375 0.063790 0.032500
0 0.669325 0.095937 0.164165 0.191875
0 0.664165 0.697188 0.061914 0.030625
0 0.725610 0.459375 0.081613 0.052500
0 0.727955 0.715625 0.056286 0.037500
0 0.742026 0.323437 0.063790 0.030625
0 0.763134 0.361250 0.079737 0.051250
0 0.770637 0.654375 0.053471 0.027500
0 0.771576 0.626875 0.051594 0.020000
0 0.786116 0.407188 0.063790 0.034375
0 0.807692 0.378125 0.050657 0.027500
0 0.873358 0.698750 0.069419 0.027500