4 0.399140 0.394953 0.194684 0.292254
4 0.475762 0.457159 0.840500 0.914319
4 0.133698 0.235328 0.145426 0.252347
4 0.200547 0.119718 0.127443 0.218310
4 0.227522 0.427230 0.168881 0.187794
4 0.272088 0.641432 0.162627 0.200704
4 0.301017 0.197770 0.173573 0.214788
4 0.431196 0.131456 0.218139 0.246479
4 0.421814 0.657277 0.177482 0.232394
4 0.532447 0.785798 0.146990 0.233568
4 0.567240 0.424883 0.168100 0.298122
4 0.634089 0.669601 0.182956 0.268780
4 0.632135 0.146713 0.172791 0.293427
4 0.750587 0.500587 0.131353 0.212442
4 0.795543 0.267019 0.205629 0.296948
4 0.765833 0.078051 0.144644 0.139671