4 0.125703 0.724375 0.251407 0.162500
4 0.206379 0.694063 0.412758 0.203125
4 0.075516 0.387500 0.143528 0.107500
4 0.076454 0.387500 0.145404 0.113750
4 0.115854 0.627188 0.149156 0.076875
4 0.090056 0.338438 0.041276 0.031875
4 0.165572 0.392188 0.068480 0.061875
4 0.284709 0.705000 0.235460 0.153750
4 0.419793 0.543438 0.227955 0.134375
4 0.484991 0.529062 0.328330 0.188125
4 0.456848 0.483750 0.251408 0.111250
4 0.491557 0.387813 0.181989 0.053125
4 0.522045 0.338438 0.177298 0.063125
4 0.681051 0.851875 0.474672 0.287500
4 0.554409 0.356250 0.195122 0.065000
4 0.601314 0.857812 0.273921 0.203125
4 0.576923 0.520312 0.118199 0.058125
4 0.761726 0.893750 0.245778 0.168750
4 0.784709 0.783438 0.291745 0.129375
4 0.779550 0.609063 0.215760 0.136875
4 0.838180 0.627188 0.318012 0.196875
4 0.859756 0.429063 0.278612 0.118125
4 0.803940 0.430625 0.131332 0.066250
4 0.859287 0.459063 0.159474 0.081875
4 0.913696 0.584375 0.170732 0.087500
4 0.920262 0.652813 0.157599 0.090625
4 0.905253 0.414375 0.118199 0.088750
4 0.984052 0.438438 0.030019 0.048125