4 0.891250 0.630313 0.209166 0.181875
4 0.051666 0.090938 0.103333 0.063125
4 0.051666 0.497500 0.103333 0.196250
4 0.054166 0.291563 0.108333 0.058125
4 0.138333 0.335938 0.276667 0.126875
4 0.087917 0.168750 0.159167 0.075000
4 0.216667 0.508750 0.285000 0.218750
4 0.147083 0.114687 0.140833 0.076875
4 0.540833 0.122813 0.683333 0.245625
4 0.288334 0.279062 0.168333 0.076875
4 0.379166 0.749375 0.336667 0.297500
4 0.435000 0.972500 0.216666 0.053750
4 0.505417 0.351250 0.275833 0.112500
4 0.622084 0.769062 0.275833 0.268125
4 0.807500 0.371875 0.383334 0.341250