4 0.185000 0.110046 0.370000 0.220092
4 0.335000 0.455522 0.162500 0.216257
4 0.319375 0.584356 0.095000 0.102761
4 0.302500 0.366181 0.058750 0.120398
4 0.334688 0.268021 0.098125 0.175613
4 0.403438 0.282592 0.190625 0.224694
4 0.421563 0.615797 0.156875 0.225461
4 0.415312 0.129217 0.071875 0.120399
4 0.463125 0.407209 0.141250 0.154908
4 0.478125 0.564417 0.163750 0.180982
4 0.452813 0.774923 0.110625 0.109663
4 0.489687 0.092408 0.115625 0.172546
4 0.507188 0.271473 0.100625 0.116565
4 0.556562 0.762270 0.171875 0.300614
4 0.646875 0.630751 0.196250 0.178681
4 0.601562 0.495016 0.101875 0.106595
4 0.632812 0.243098 0.123125 0.145706
4 0.661875 0.112730 0.105000 0.145706
4 0.685312 0.787960 0.099375 0.094325
4 0.690937 0.378068 0.099375 0.133435
4 0.733750 0.235430 0.153750 0.213191
4 0.763125 0.682132 0.173750 0.275306
4 0.778438 0.445936 0.181875 0.180215
4 0.762500 0.126917 0.113750 0.092792
4 0.876563 0.450153 0.235625 0.223927
4 0.834688 0.242332 0.111875 0.185583
4 0.880000 0.609662 0.107500 0.113497
4 0.894687 0.315568 0.109375 0.108129