4 0.287500 0.320920 0.111250 0.149791
4 0.058125 0.067364 0.116250 0.134728
4 0.066562 0.374477 0.133125 0.230126
4 0.150938 0.806276 0.301875 0.385774
4 0.170937 0.373221 0.341875 0.476987
4 0.180000 0.077825 0.360000 0.155649
4 0.069062 0.217154 0.115625 0.139749
4 0.126562 0.517992 0.154375 0.180753
4 0.115937 0.354812 0.104375 0.132217
4 0.175625 0.233891 0.182500 0.215063
4 0.120938 0.059832 0.055625 0.119665
4 0.184062 0.405021 0.109375 0.115481
4 0.194375 0.075314 0.120000 0.150628
4 0.265625 0.472804 0.138750 0.192469
4 0.294063 0.048536 0.123125 0.097071
4 0.397500 0.885774 0.115000 0.210042
4 0.514375 0.799581 0.342500 0.399163
4 0.412188 0.685356 0.118125 0.197489
4 0.517500 0.374477 0.327500 0.441004
4 0.448750 0.056067 0.133750 0.112134
4 0.470938 0.862761 0.096875 0.170711
4 0.488125 0.728452 0.087500 0.146444
4 0.510312 0.027615 0.074375 0.055230
4 0.524375 0.655231 0.085000 0.107113
4 0.545312 0.780335 0.068125 0.143096
4 0.578437 0.065272 0.118125 0.122176
4 0.559063 0.904184 0.076875 0.101255
4 0.599688 0.666527 0.109375 0.107950
4 0.622500 0.046025 0.138750 0.092050
4 0.621875 0.928451 0.128750 0.139749
4 0.605938 0.788703 0.085625 0.133054
4 0.844375 0.803766 0.310000 0.390795
4 0.852812 0.369038 0.293125 0.420084
4 0.769062 0.060670 0.084375 0.121339
4 0.853125 0.282008 0.116250 0.142259
4 0.882188 0.065690 0.154375 0.131381
4 0.930625 0.073640 0.130000 0.147280