4 0.204248 0.256536 0.101307 0.156862
4 0.274510 0.433824 0.111111 0.086601
4 0.345589 0.098039 0.129085 0.130719
4 0.383170 0.290033 0.138888 0.145425
4 0.478758 0.821896 0.192810 0.150327
4 0.515523 0.902778 0.243464 0.145425
4 0.438725 0.395425 0.070261 0.114379
4 0.480393 0.217320 0.137255 0.114379
4 0.477942 0.074346 0.106209 0.086601
4 0.592321 0.377451 0.174837 0.120916
4 0.573530 0.156863 0.114379 0.078431
4 0.621732 0.102125 0.138888 0.109477
4 0.672385 0.803921 0.151961 0.169935
4 0.705882 0.262255 0.150327 0.135621
4 0.720588 0.113562 0.081699 0.096406
4 0.787582 0.424837 0.143791 0.127451
4 0.763072 0.125000 0.071896 0.066994
4 0.836601 0.302287 0.101307 0.078431