4 0.099687 0.790685 0.199375 0.416386
4 0.499688 0.499439 0.999375 0.998878
4 0.148750 0.636363 0.255000 0.370371
4 0.228125 0.916386 0.301250 0.164984
4 0.283125 0.249158 0.298750 0.428732
4 0.278750 0.500000 0.202500 0.483726
4 0.288438 0.048821 0.211875 0.097643
4 0.485625 0.599888 0.297500 0.748597
4 0.520312 0.184063 0.288125 0.368126
4 0.601562 0.950618 0.184375 0.096521
4 0.650937 0.282829 0.119375 0.278339
4 0.723437 0.774411 0.248125 0.448934
4 0.791250 0.373738 0.343750 0.740741
4 0.900313 0.833333 0.198125 0.331089