4 0.068750 0.435937 0.137500 0.224999
4 0.101562 0.217187 0.203125 0.331250
4 0.179688 0.842969 0.359375 0.310938
4 0.196875 0.540625 0.393750 0.378126
4 0.174219 0.088281 0.273437 0.176563
4 0.232031 0.280469 0.107812 0.173438
4 0.385937 0.264844 0.293749 0.382813
4 0.436719 0.088281 0.357813 0.176563
4 0.413281 0.807813 0.279687 0.381250
4 0.632813 0.490625 0.468750 0.356250
4 0.642968 0.837500 0.310937 0.321876
4 0.685937 0.182031 0.306251 0.335938
4 0.850001 0.758594 0.296875 0.379688
4 0.860938 0.221875 0.234375 0.396874
4 0.892969 0.395313 0.210938 0.381250