1 0.023959 0.614062 0.047917 0.131251
1 0.032292 0.690625 0.064583 0.106250
1 0.068750 0.682032 0.033334 0.060937
1 0.237500 0.950001 0.275000 0.096875
1 0.273958 0.892969 0.281250 0.089063
1 0.219792 0.970313 0.160417 0.056251
1 0.546875 0.239844 0.793750 0.364062
1 0.312500 0.622656 0.275000 0.132812
1 0.480208 0.977344 0.268750 0.042188
1 0.477083 0.461718 0.162500 0.101563
1 0.439584 0.599219 0.066667 0.048438
1 0.498958 0.598437 0.077083 0.056250
1 0.656250 0.462500 0.237500 0.165626
1 0.580209 0.411719 0.064583 0.070312
1 0.811459 0.618750 0.372917 0.409376
1 0.778125 0.935938 0.127084 0.125000
1 0.834375 0.960157 0.060416 0.076563
1 0.871875 0.935938 0.127084 0.125000