0 0.410312 0.789167 0.119375 0.130000
0 0.017500 0.366250 0.035000 0.077500
0 0.062812 0.188750 0.125625 0.184166
0 0.075625 0.597917 0.102500 0.112500
0 0.129688 0.065417 0.019375 0.019167
0 0.154062 0.185417 0.023125 0.035833
0 0.165938 0.122917 0.019375 0.019167
0 0.170625 0.094584 0.017500 0.024167
0 0.206562 0.297084 0.056875 0.060833
0 0.545313 0.447916 0.720625 0.399167
0 0.202188 0.251250 0.024375 0.020834
0 0.226875 0.260000 0.037500 0.045000
0 0.257812 0.634583 0.091875 0.124167
0 0.266563 0.331667 0.058125 0.060000
0 0.257188 0.220417 0.028125 0.037500
0 0.344375 0.671250 0.102500 0.120834
0 0.350625 0.224166 0.042500 0.041667
0 0.355313 0.148750 0.028125 0.025834
0 0.445625 0.691666 0.087500 0.116667
0 0.509062 0.189584 0.033125 0.040833
0 0.646563 0.192916 0.026875 0.024167