4 0.276250 0.627408 0.196250 0.172504
4 0.282813 0.493433 0.141875 0.177759
4 0.321562 0.316987 0.129375 0.187391
4 0.368125 0.442644 0.102500 0.165499
4 0.382812 0.218914 0.085625 0.148862
4 0.391250 0.548598 0.092500 0.104203
4 0.420625 0.701839 0.107500 0.170753
4 0.426250 0.623906 0.116250 0.151489
4 0.444688 0.367338 0.133125 0.125218
4 0.438750 0.256568 0.107500 0.145359
4 0.478750 0.440017 0.150000 0.174255
4 0.479688 0.174256 0.130625 0.234676
4 0.475000 0.557356 0.065000 0.128721
4 0.494687 0.638354 0.076875 0.078809
4 0.533125 0.291594 0.105000 0.150613
4 0.535937 0.430823 0.108125 0.131348
4 0.576875 0.680385 0.120000 0.145359
4 0.600000 0.356393 0.102500 0.164623
4 0.633438 0.495621 0.135625 0.159369
4 0.625938 0.233363 0.111875 0.126971
4 0.687812 0.640105 0.144375 0.168126
4 0.681250 0.325306 0.111250 0.116463
4 0.702500 0.417688 0.115000 0.154116
4 0.740312 0.513573 0.114375 0.177758