4 0.916406 0.615625 0.110938 0.075000
4 0.346875 0.833594 0.100000 0.076562
4 0.350781 0.771875 0.089062 0.065626
4 0.371875 0.712500 0.090626 0.065625
4 0.382031 0.664062 0.092187 0.056249
4 0.442968 0.823438 0.092187 0.071875
4 0.450781 0.735937 0.095312 0.062500
4 0.446094 0.199219 0.060937 0.073438
4 0.458593 0.667968 0.085937 0.070313
4 0.469531 0.621094 0.092187 0.054688
4 0.534375 0.421094 0.165626 0.145313
4 0.555469 0.742188 0.092187 0.071875
4 0.558594 0.819532 0.092188 0.079687
4 0.565625 0.664062 0.106250 0.078125
4 0.653906 0.278906 0.060937 0.060938
4 0.674219 0.307812 0.048438 0.043751
4 0.731250 0.424219 0.162500 0.189062
4 0.716406 0.271875 0.035937 0.046875
4 0.723438 0.297656 0.050000 0.045312
4 0.767969 0.289062 0.048438 0.034375
4 0.767187 0.268749 0.031250 0.021875
4 0.785156 0.594531 0.054688 0.051563
4 0.820312 0.596094 0.071875 0.073437
4 0.848437 0.489844 0.096875 0.070312
4 0.857031 0.532813 0.098437 0.043750
4 0.865625 0.558594 0.084374 0.054688