2 0.340313 0.620544 0.185625 0.257974
2 0.022812 0.190431 0.045625 0.253283
2 0.072188 0.049250 0.144375 0.098499
2 0.067812 0.897749 0.123125 0.202627
2 0.126562 0.533303 0.176875 0.271107
2 0.132500 0.228893 0.157500 0.257036
2 0.184063 0.779081 0.176875 0.276735
2 0.224062 0.138368 0.181875 0.276735
2 0.229687 0.466229 0.129375 0.225140
2 0.312188 0.331614 0.189375 0.282363
2 0.364063 0.930113 0.178125 0.137899
2 0.354688 0.463414 0.118125 0.091933
2 0.452500 0.210601 0.167500 0.201689
2 0.462188 0.809099 0.164375 0.186679
2 0.430937 0.021107 0.080625 0.042214
2 0.498750 0.431989 0.208750 0.287992
2 0.562188 0.918856 0.196875 0.160413
2 0.556875 0.607411 0.146250 0.184803
2 0.627500 0.736867 0.197500 0.280488
2 0.614062 0.476548 0.036875 0.076923
2 0.685937 0.113508 0.180625 0.212007
2 0.678125 0.532364 0.057500 0.115384
2 0.791562 0.553002 0.176875 0.293621
2 0.772188 0.780019 0.115625 0.216698
2 0.806250 0.970919 0.155000 0.056285
2 0.814688 0.159474 0.169375 0.296435
2 0.867500 0.020169 0.098750 0.040338
2 0.905625 0.364447 0.146250 0.286117
2 0.915000 0.840525 0.165000 0.238274
2 0.909375 0.608818 0.068750 0.213884
2 0.948750 0.107880 0.101250 0.215760
2 0.959063 0.972795 0.076875 0.052533
2 0.971562 0.358818 0.055625 0.286116
2 0.975625 0.621013 0.047500 0.215760