4 0.030416 0.393750 0.060833 0.052500
4 0.045416 0.473438 0.090833 0.123125
4 0.107083 0.263750 0.214167 0.121250
4 0.138750 0.347813 0.245834 0.104375
4 0.138750 0.619375 0.182500 0.145000
4 0.193333 0.493750 0.205000 0.122500
4 0.255833 0.681563 0.211667 0.133125
4 0.279583 0.239062 0.182500 0.123125
4 0.342917 0.128125 0.172500 0.108750
4 0.391250 0.480313 0.232500 0.174375
4 0.383750 0.385937 0.207500 0.109375
4 0.418750 0.674687 0.150834 0.146875
4 0.448333 0.255312 0.136667 0.073125
4 0.485000 0.563750 0.200000 0.102500
4 0.485833 0.315312 0.180000 0.114375
4 0.507500 0.201562 0.191666 0.081875
4 0.553334 0.760000 0.268333 0.153750
4 0.524583 0.110313 0.147500 0.094375
4 0.575833 0.440937 0.210000 0.156875
4 0.636250 0.640000 0.289166 0.213750
4 0.697917 0.393125 0.202500 0.116250
4 0.712500 0.319375 0.228334 0.112500
4 0.642917 0.130000 0.070833 0.061250
4 0.712500 0.175000 0.173334 0.056250
4 0.732083 0.239375 0.189167 0.075000
4 0.738750 0.087188 0.134166 0.091875
4 0.790000 0.495625 0.236666 0.143750
4 0.862917 0.272500 0.182500 0.087500
4 0.828750 0.119688 0.109166 0.058125
4 0.897083 0.342500 0.177500 0.097500
4 0.922917 0.430625 0.152500 0.143750
4 0.931250 0.203125 0.135834 0.116250
4 0.933334 0.726250 0.131667 0.126250
4 0.953750 0.617500 0.090834 0.107500