2 0.021576 0.458750 0.020638 0.022500
2 0.038461 0.388750 0.013133 0.027500
2 0.044090 0.328750 0.020638 0.027500
2 0.044090 0.472500 0.016886 0.015000
2 0.060038 0.300000 0.011257 0.020000
2 0.063789 0.492500 0.011257 0.035000
2 0.074109 0.387500 0.016886 0.020000
2 0.085366 0.340000 0.024390 0.040000
2 0.082551 0.461250 0.015009 0.027500
2 0.088180 0.423750 0.018762 0.037500
2 0.089119 0.293750 0.013133 0.032500
2 0.109756 0.445000 0.013134 0.030000
2 0.114447 0.337500 0.015009 0.020000
2 0.117261 0.481250 0.013133 0.032500
2 0.119137 0.387500 0.016886 0.030000
2 0.130394 0.348750 0.020638 0.042500
2 0.134147 0.398750 0.016885 0.032500
2 0.145404 0.367500 0.028143 0.040000
2 0.160413 0.238750 0.016886 0.022500
2 0.167917 0.408750 0.024391 0.032500
2 0.168855 0.256250 0.015009 0.022500
2 0.172608 0.326250 0.022514 0.032500
2 0.181051 0.307500 0.016885 0.030000
2 0.198874 0.250000 0.022514 0.030000
2 0.206379 0.308750 0.007504 0.032500
2 0.212008 0.285000 0.015009 0.030000
2 0.227955 0.211250 0.028142 0.022500
2 0.282364 0.365000 0.013134 0.035000
2 0.324578 0.341250 0.015010 0.017500
2 0.329268 0.395000 0.016885 0.040000
2 0.345216 0.311250 0.026266 0.027500
2 0.358349 0.406250 0.030018 0.027500
2 0.362102 0.368750 0.033771 0.037500
2 0.376173 0.316250 0.035647 0.032500
2 0.378987 0.390000 0.026266 0.025000
2 0.378987 0.422500 0.026266 0.025000
2 0.401501 0.353750 0.045028 0.032500
2 0.406192 0.396250 0.028143 0.027500
2 0.410882 0.448750 0.030019 0.032500
2 0.416511 0.303750 0.033771 0.042500
2 0.428705 0.260000 0.016885 0.020000
2 0.430582 0.367500 0.020638 0.040000
2 0.444653 0.297500 0.022514 0.015000
2 0.456848 0.365000 0.020638 0.030000
2 0.454971 0.440000 0.013133 0.050000
2 0.457786 0.268750 0.018762 0.037500
2 0.471857 0.381250 0.020638 0.032500
2 0.477486 0.406250 0.024390 0.037500
2 0.480300 0.323750 0.018762 0.027500
2 0.488743 0.298750 0.013134 0.032500
2 0.500938 0.202500 0.026266 0.030000
2 0.502814 0.381250 0.026266 0.032500
2 0.497186 0.255000 0.011257 0.030000
2 0.509381 0.315000 0.035648 0.035000
2 0.514072 0.313750 0.030019 0.037500
2 0.520638 0.391250 0.020638 0.027500
2 0.520638 0.285000 0.016886 0.040000
2 0.523452 0.243750 0.022514 0.032500
2 0.539400 0.271250 0.020638 0.042500
2 0.541276 0.348750 0.020638 0.042500
2 0.557223 0.396250 0.033771 0.027500
2 0.570356 0.285000 0.018761 0.040000
2 0.571295 0.356250 0.020637 0.037500
2 0.581614 0.221250 0.041275 0.032500
2 0.586304 0.213750 0.009381 0.027500
2 0.606004 0.195000 0.041276 0.030000
2 0.605066 0.287500 0.028143 0.020000
2 0.606942 0.423750 0.031895 0.047500
2 0.594747 0.316250 0.003752 0.022500
2 0.604128 0.381250 0.018761 0.032500
2 0.615385 0.183750 0.033771 0.032500
2 0.616322 0.258750 0.035647 0.037500
2 0.619137 0.217500 0.026266 0.020000
2 0.621951 0.310000 0.009381 0.025000
2 0.643527 0.285000 0.026266 0.040000
2 0.639775 0.190000 0.015010 0.020000
2 0.914634 0.355000 0.058162 0.090000
2 0.965291 0.280000 0.061914 0.125000
2 0.958724 0.405000 0.045028 0.065000
2 0.967167 0.470000 0.061914 0.100000