2 0.028750 0.983115 0.057500 0.030019
2 0.031250 0.589118 0.062500 0.442777
2 0.051875 0.388368 0.103750 0.303940
2 0.128750 0.133209 0.257500 0.266417
2 0.223750 0.864915 0.425000 0.266417
2 0.284375 0.141651 0.333750 0.283302
2 0.459375 0.522514 0.456250 0.744840
2 0.558125 0.860225 0.316250 0.268292
2 0.514375 0.064728 0.171250 0.129456
2 0.671875 0.369606 0.293750 0.536586
2 0.738125 0.154784 0.276250 0.309568
2 0.727500 0.746717 0.157500 0.401501
2 0.903750 0.681988 0.190000 0.572233
2 0.951875 0.201688 0.093750 0.403377