2 0.429643 0.486250 0.679175 0.727500
2 0.025329 0.318750 0.050657 0.092500
2 0.045966 0.841250 0.091932 0.282500
2 0.066604 0.160000 0.133208 0.225000
2 0.066604 0.561250 0.133208 0.337500
2 0.119137 0.037500 0.136960 0.075000
2 0.140713 0.951250 0.123828 0.092500
2 0.188555 0.822500 0.178237 0.230000
2 0.213884 0.713750 0.150094 0.267500
2 0.195122 0.500000 0.105066 0.105000
2 0.229831 0.348750 0.170732 0.217500
2 0.261726 0.086250 0.204502 0.172500
2 0.286116 0.182500 0.170732 0.155000
2 0.282364 0.580000 0.084428 0.230000
2 0.311445 0.783750 0.067542 0.167500
2 0.397749 0.045000 0.165103 0.090000
2 0.393058 0.536250 0.140713 0.307500
2 0.382740 0.880000 0.101313 0.125000
2 0.429644 0.108750 0.127579 0.147500
2 0.457786 0.918750 0.112570 0.127500
2 0.511257 0.590000 0.178236 0.265000
2 0.507505 0.251250 0.151970 0.127500
2 0.559100 0.653750 0.191369 0.302500
2 0.549718 0.040000 0.157599 0.080000
2 0.560037 0.317500 0.088181 0.150000
2 0.609756 0.126250 0.153846 0.117500
2 0.614447 0.898750 0.163227 0.197500
2 0.666980 0.323750 0.140713 0.247500
2 0.661351 0.193750 0.106942 0.082500
2 0.706379 0.780000 0.148218 0.195000
2 0.681051 0.628750 0.093809 0.272500
2 0.748592 0.031250 0.165103 0.062500
2 0.771107 0.376250 0.138836 0.142500
2 0.734522 0.695000 0.061913 0.090000
2 0.740150 0.978750 0.065666 0.037500
2 0.731707 0.227500 0.041276 0.110000
2 0.799249 0.491250 0.123827 0.087500
2 0.885553 0.235000 0.213883 0.235000
2 0.882740 0.920000 0.121951 0.155000
2 0.922138 0.058750 0.140713 0.117500
2 0.925892 0.742500 0.140713 0.250000
2 0.927768 0.405000 0.140713 0.240000
2 0.985929 0.263750 0.020638 0.137500