0 0.091250 0.893750 0.146250 0.182500
0 0.510000 0.499584 0.978750 0.999167
0 0.157813 0.492500 0.165625 0.206666
0 0.200313 0.250000 0.129375 0.163334
0 0.220312 0.676667 0.123125 0.158333
0 0.306250 0.802083 0.121250 0.165833
0 0.315000 0.461666 0.116250 0.153333
0 0.371563 0.105833 0.161875 0.211667
0 0.405625 0.925417 0.116250 0.147500
0 0.413438 0.575416 0.129375 0.174167
0 0.434063 0.396250 0.126875 0.174166
0 0.444375 0.757917 0.126250 0.177500
0 0.536563 0.102500 0.174375 0.205000
0 0.560937 0.895417 0.153125 0.207500
0 0.578750 0.309167 0.167500 0.218333
0 0.552188 0.526250 0.106875 0.145834
0 0.625312 0.690000 0.131875 0.168334
0 0.690000 0.142083 0.123750 0.167500
0 0.716250 0.550833 0.115000 0.158333
0 0.748437 0.841667 0.138125 0.165000
0 0.744687 0.327500 0.128125 0.158334
0 0.848125 0.485000 0.148750 0.170000
0 0.892188 0.671666 0.140625 0.171667
0 0.920313 0.322917 0.158125 0.197500