4 0.036719 0.176563 0.073437 0.306250
4 0.051562 0.456250 0.103125 0.253124
4 0.057031 0.659374 0.114063 0.284375
4 0.071875 0.086719 0.143750 0.173438
4 0.149219 0.883594 0.298438 0.229688
4 0.134375 0.290625 0.209376 0.243750
4 0.139844 0.023438 0.164062 0.046875
4 0.145313 0.682031 0.140625 0.229688
4 0.261718 0.106250 0.235937 0.212500
4 0.396875 0.492188 0.315625 0.284375
4 0.485938 0.403125 0.096875 0.156250
4 0.622656 0.262500 0.267188 0.234374
4 0.564063 0.651562 0.134375 0.200000
4 0.741406 0.426562 0.417188 0.343750
4 0.626563 0.081250 0.181251 0.162500
4 0.800000 0.782813 0.396876 0.431251
4 0.820312 0.098437 0.356251 0.196875
4 0.853907 0.194532 0.248437 0.164063
4 0.890625 0.471874 0.203126 0.278125
4 0.865625 0.649219 0.146874 0.123438
4 0.940625 0.633594 0.115626 0.185937
4 0.964063 0.360938 0.068750 0.153125