4 0.080312 0.419718 0.160625 0.300469
4 0.105938 0.770892 0.211875 0.441314
4 0.119063 0.161502 0.236875 0.323005
4 0.236250 0.923944 0.251250 0.150235
4 0.213125 0.669953 0.195000 0.342723
4 0.295937 0.405165 0.246875 0.402817
4 0.291875 0.050704 0.155000 0.101408
4 0.420625 0.792957 0.302500 0.353991
4 0.464375 0.952582 0.205000 0.092958
4 0.498437 0.064789 0.225625 0.120188
4 0.531563 0.556808 0.226875 0.294835
4 0.561562 0.238498 0.286875 0.369953
4 0.664062 0.787794 0.225625 0.291079
4 0.702500 0.933334 0.251250 0.131455
4 0.747500 0.076056 0.266250 0.152113
4 0.807813 0.585916 0.250625 0.390611
4 0.880000 0.196244 0.238750 0.392488
4 0.905625 0.834272 0.187500 0.329577
4 0.946562 0.499530 0.105625 0.398123