0 0.096191 0.714193 0.192383 0.246094
0 0.096680 0.287109 0.193359 0.282552
0 0.081055 0.498047 0.134766 0.157552
0 0.093261 0.915364 0.155273 0.166667
0 0.092285 0.081380 0.149414 0.162760
0 0.206543 0.438151 0.217774 0.277344
0 0.218262 0.862630 0.215820 0.272136
0 0.225586 0.080729 0.154296 0.161458
0 0.231446 0.128907 0.158203 0.075521
0 0.257812 0.345703 0.132813 0.188802
0 0.255859 0.731120 0.125000 0.147136
0 0.302735 0.013021 0.039063 0.026042
0 0.404785 0.044271 0.166992 0.088542
0 0.420898 0.716797 0.193359 0.264323
0 0.422363 0.191407 0.180664 0.231771
0 0.427735 0.435547 0.191407 0.238282
0 0.409180 0.927083 0.097656 0.143229
0 0.449707 0.349610 0.143554 0.131511
0 0.544922 0.908854 0.226562 0.179688
0 0.562500 0.074870 0.177734 0.149740
0 0.580566 0.276042 0.186523 0.218750
0 0.579101 0.463542 0.152343 0.156250
0 0.608886 0.692708 0.192383 0.265625
0 0.591797 0.827474 0.152344 0.115886
0 0.744629 0.075520 0.163086 0.111979
0 0.736328 0.015625 0.144532 0.031250
0 0.774414 0.241536 0.208984 0.264323
0 0.800293 0.656250 0.206054 0.283854
0 0.769532 0.370443 0.136719 0.063802
0 0.768066 0.456380 0.131836 0.178385
0 0.807129 0.895182 0.184570 0.207031
0 0.817383 0.022135 0.041016 0.044271
0 0.892090 0.070963 0.166992 0.141927
0 0.910645 0.462240 0.176757 0.247396
0 0.912110 0.268229 0.146485 0.223958
0 0.931640 0.755208 0.134765 0.239583
0 0.948242 0.891276 0.101562 0.214844