4 0.009375 0.978260 0.018750 0.037267
4 0.016667 0.173913 0.033333 0.173913
4 0.028125 0.715839 0.056250 0.220497
4 0.052083 0.448758 0.104167 0.338509
4 0.498959 0.498447 0.997917 0.996894
4 0.135416 0.107143 0.220833 0.195652
4 0.171875 0.948757 0.231250 0.096273
4 0.184375 0.701863 0.247916 0.304348
4 0.147917 0.417701 0.166667 0.295031
4 0.261458 0.254659 0.139583 0.260869
4 0.330209 0.444099 0.197917 0.223603
4 0.395834 0.086957 0.258333 0.173913
4 0.425000 0.259317 0.291666 0.363354
4 0.425000 0.698758 0.250000 0.378882
4 0.414583 0.925466 0.212500 0.142857
4 0.581250 0.433230 0.250000 0.307454
4 0.665625 0.086957 0.285416 0.173913
4 0.675000 0.902173 0.266666 0.189441
4 0.670833 0.220497 0.237500 0.242236
4 0.685417 0.656832 0.208333 0.251553
4 0.807292 0.409937 0.247917 0.310559
4 0.901042 0.931677 0.193750 0.130434
4 0.900000 0.675466 0.175000 0.276398
4 0.906250 0.079192 0.183334 0.158385
4 0.927083 0.309006 0.141667 0.313665
4 0.945833 0.577640 0.104167 0.242236