2 0.058750 0.385246 0.117500 0.150522
2 0.068437 0.795082 0.136875 0.320418
2 0.165000 0.564083 0.161250 0.391953
2 0.184063 0.222057 0.169375 0.274217
2 0.172500 0.804024 0.107500 0.228018
2 0.213125 0.385991 0.150000 0.235470
2 0.266250 0.661699 0.087500 0.348734
2 0.298438 0.938897 0.130625 0.119225
2 0.342187 0.444859 0.180625 0.397913
2 0.314063 0.842027 0.121875 0.146051
2 0.356563 0.742921 0.168125 0.222056
2 0.337813 0.721311 0.115625 0.137109
2 0.385313 0.147541 0.125625 0.271236
2 0.415312 0.917288 0.141875 0.162444
2 0.411562 0.709389 0.073125 0.137108
2 0.486563 0.252608 0.154375 0.380030
2 0.495000 0.605067 0.160000 0.351714
2 0.494375 0.824143 0.100000 0.146050
2 0.569687 0.966468 0.135625 0.064084
2 0.594688 0.885246 0.168125 0.226528
2 0.585938 0.546945 0.126875 0.375559
2 0.664062 0.305515 0.168125 0.375559
2 0.675625 0.761549 0.140000 0.223547
2 0.735625 0.555142 0.165000 0.287631
2 0.701875 0.935917 0.046250 0.125187
2 0.779375 0.944859 0.116250 0.107303
2 0.804375 0.830104 0.166250 0.286140
2 0.862187 0.631147 0.133125 0.201193
2 0.879375 0.979881 0.106250 0.037258
2 0.880000 0.918778 0.100000 0.073026
2 0.868437 0.900894 0.069375 0.055142
2 0.933750 0.757824 0.131250 0.320418