2 0.158750 0.870833 0.057500 0.045000
2 0.375625 0.730834 0.096250 0.101667
2 0.365625 0.043333 0.063750 0.086667
2 0.515625 0.345000 0.083750 0.113334
2 0.508750 0.702500 0.037500 0.071666
2 0.538125 0.469167 0.088750 0.121667
2 0.593125 0.081667 0.068750 0.076667
2 0.630625 0.449167 0.086250 0.095000
2 0.738750 0.882500 0.032500 0.041666
2 0.799375 0.890834 0.023750 0.048333
2 0.896250 0.870000 0.027500 0.033334
2 0.925625 0.965000 0.056250 0.036666
2 0.981250 0.899166 0.035000 0.048333
2 0.983125 0.903334 0.023750 0.033333