2 0.075094 0.241250 0.150188 0.278750
2 0.089800 0.093438 0.179599 0.184375
2 0.149562 0.781875 0.299124 0.372500
2 0.172403 0.438437 0.342302 0.314375
2 0.210889 0.194062 0.131415 0.174375
2 0.285357 0.062187 0.262829 0.124375
2 0.294117 0.932500 0.205257 0.133750
2 0.303504 0.676875 0.121402 0.101250
2 0.466521 0.808437 0.338548 0.374375
2 0.526596 0.075625 0.178348 0.148750
2 0.691489 0.868125 0.261577 0.261250
2 0.721527 0.252500 0.321652 0.283750
2 0.708699 0.045937 0.248435 0.091875
2 0.821652 0.597500 0.279098 0.341250
2 0.910826 0.123750 0.177096 0.247500
2 0.888923 0.936562 0.123279 0.108125
2 0.948686 0.348750 0.101377 0.196250
2 0.958386 0.874062 0.076971 0.201875
2 0.971527 0.682813 0.055694 0.245625