2 0.015625 0.740625 0.031250 0.037500
2 0.046093 0.706251 0.051563 0.046875
2 0.060937 0.733594 0.037499 0.045312
2 0.101562 0.699218 0.037499 0.054687
2 0.121093 0.742188 0.029687 0.053125
2 0.152344 0.707032 0.051562 0.070313
2 0.171094 0.744531 0.017188 0.048438
2 0.201563 0.702344 0.043750 0.060938
2 0.211719 0.748437 0.029687 0.037499
2 0.532813 0.747656 0.071875 0.064063
2 0.570312 0.703125 0.049999 0.046874
2 0.601562 0.750000 0.046875 0.046876
2 0.627344 0.710938 0.057813 0.053125
2 0.637500 0.753907 0.031250 0.048437
2 0.664063 0.749219 0.031250 0.048438
2 0.678907 0.707032 0.054687 0.045313
2 0.698438 0.661718 0.059375 0.064063
2 0.722656 0.757812 0.064062 0.043751
2 0.745313 0.710157 0.056250 0.045313
2 0.764844 0.660937 0.057813 0.062500
2 0.775000 0.753907 0.065625 0.048437
2 0.804688 0.715624 0.037501 0.040625
2 0.827344 0.670312 0.054688 0.050000
2 0.835938 0.756250 0.049999 0.059375
2 0.867188 0.721875 0.049999 0.037500
2 0.881250 0.667188 0.053124 0.065625
2 0.888281 0.757812 0.048438 0.043751
2 0.914843 0.714063 0.039063 0.031250
2 0.936719 0.671094 0.067187 0.057813
2 0.947656 0.756251 0.048438 0.046875
2 0.977344 0.710938 0.042188 0.062500
2 0.989844 0.648438 0.017188 0.056249