2 0.079687 0.657598 0.135625 0.230769
2 0.158750 0.452157 0.151250 0.208255
2 0.190625 0.272045 0.153750 0.206379
2 0.206562 0.734522 0.160625 0.219513
2 0.190625 0.608818 0.068750 0.075046
2 0.282187 0.509850 0.104375 0.196060
2 0.292813 0.106473 0.125625 0.190432
2 0.341250 0.844278 0.162500 0.127580
2 0.307188 0.289400 0.069375 0.128518
2 0.327813 0.678705 0.064375 0.199813
2 0.372500 0.199813 0.107500 0.168855
2 0.375937 0.340526 0.083125 0.091933
2 0.400000 0.467636 0.111250 0.184802
2 0.440312 0.658536 0.176875 0.298311
2 0.450937 0.898218 0.074375 0.060975
2 0.528125 0.304878 0.165000 0.236398
2 0.555625 0.783772 0.200000 0.248593
2 0.566563 0.465291 0.134375 0.223264
2 0.589063 0.932458 0.179375 0.133208
2 0.643750 0.564259 0.202500 0.286116
2 0.640312 0.098030 0.161875 0.196060
2 0.735000 0.802064 0.210000 0.311445
2 0.729375 0.301125 0.186250 0.232645
2 0.783438 0.464353 0.124375 0.166979
2 0.810312 0.625703 0.121875 0.144465
2 0.818437 0.964353 0.123125 0.067542
2 0.886250 0.237805 0.138750 0.197936
2 0.924375 0.746247 0.150000 0.276735
2 0.925312 0.416511 0.136875 0.228893
2 0.937500 0.560976 0.107500 0.071295
2 0.943750 0.886491 0.107500 0.212007
2 0.977500 0.219512 0.043750 0.161351