2 0.410863 0.977083 0.058495 0.037500
2 0.452647 0.977083 0.052925 0.037500
2 0.509749 0.877084 0.077995 0.095833
2 0.508356 0.795833 0.069637 0.100000
2 0.502785 0.972916 0.041783 0.045833
2 0.552925 0.658333 0.075209 0.075000
2 0.547354 0.739583 0.052925 0.079167
2 0.559889 0.952083 0.072423 0.087500
2 0.598886 0.829167 0.083566 0.108333
2 0.603064 0.445833 0.058496 0.083333
2 0.630920 0.708333 0.064067 0.083333
2 0.635098 0.891666 0.072423 0.091667
2 0.637883 0.962500 0.061282 0.066666
2 0.649025 0.558334 0.050140 0.083333
2 0.661560 0.283334 0.058496 0.108333
2 0.669917 0.833333 0.058495 0.125000
2 0.686630 0.400000 0.069637 0.091666
2 0.696379 0.325000 0.055710 0.041666
2 0.697771 0.189583 0.052925 0.095833
2 0.711699 0.506250 0.075209 0.070834
2 0.722841 0.575000 0.086351 0.100000
2 0.717270 0.922916 0.058496 0.095833
2 0.731197 0.966666 0.064067 0.058333
2 0.738161 0.643750 0.072423 0.087500
2 0.743733 0.410417 0.066853 0.087500
2 0.763232 0.137500 0.050139 0.041666
2 0.767410 0.197916 0.052925 0.070833
2 0.775766 0.714583 0.069638 0.087500
2 0.777159 0.304167 0.066852 0.075000
2 0.779945 0.252083 0.061281 0.087500
2 0.789694 0.360417 0.047353 0.062500
2 0.796658 0.585417 0.061281 0.104167
2 0.796658 0.981250 0.044569 0.029166
2 0.807800 0.479167 0.061281 0.075000
2 0.813370 0.100000 0.061281 0.058334
2 0.816156 0.412500 0.066852 0.066666
2 0.830083 0.154167 0.066853 0.050000
2 0.821727 0.937500 0.027856 0.058334
2 0.846796 0.739583 0.077995 0.112500
2 0.842618 0.520833 0.052925 0.075000
2 0.846796 0.258333 0.061281 0.058333
2 0.856546 0.060417 0.058496 0.062500
2 0.856546 0.308333 0.058496 0.050000
2 0.871867 0.616667 0.083565 0.141667
2 0.866295 0.354167 0.061281 0.075000
2 0.877437 0.110417 0.066853 0.087500
2 0.883008 0.425000 0.066853 0.075000
2 0.903900 0.218750 0.064067 0.079166
2 0.902507 0.143750 0.050140 0.045834
2 0.908078 0.485416 0.061282 0.095833
2 0.913649 0.016667 0.055710 0.033333
2 0.930362 0.064584 0.050140 0.095833
2 0.945682 0.322917 0.069637 0.095833
2 0.961002 0.177084 0.050139 0.095833
2 0.977715 0.072917 0.038997 0.087500