2 0.053437 0.400000 0.106875 0.111250
2 0.061250 0.821250 0.122500 0.236250
2 0.085625 0.286562 0.145000 0.123125
2 0.081563 0.189063 0.081875 0.071875
2 0.184063 0.681875 0.235625 0.223750
2 0.200937 0.922813 0.170625 0.141875
2 0.182188 0.145625 0.091875 0.107500
2 0.308750 0.313125 0.270000 0.247500
2 0.295938 0.170313 0.151875 0.113125
2 0.328125 0.091875 0.158750 0.092500
2 0.395000 0.771562 0.251250 0.253125
2 0.404375 0.557187 0.195000 0.189375
2 0.435000 0.402500 0.102500 0.126250
2 0.418125 0.042188 0.051250 0.081875
2 0.457187 0.138750 0.109375 0.111250
2 0.540000 0.912813 0.261250 0.173125
2 0.565937 0.479375 0.240625 0.232500
2 0.626875 0.720625 0.255000 0.255000
2 0.565937 0.023438 0.086875 0.026875
2 0.621250 0.133438 0.171250 0.151875
2 0.639063 0.022812 0.053125 0.045625
2 0.719688 0.041563 0.118125 0.083125
2 0.793125 0.896562 0.265000 0.205625
2 0.762500 0.103750 0.135000 0.133750
2 0.817813 0.530000 0.215625 0.220000
2 0.833750 0.721562 0.172500 0.179375
2 0.852812 0.208125 0.128125 0.130000
2 0.897188 0.132812 0.118125 0.113125
2 0.940312 0.368437 0.118125 0.174375
2 0.942813 0.865625 0.113125 0.236250
2 0.954688 0.658750 0.089375 0.191250
2 0.953750 0.500938 0.056250 0.066875