2 0.098040 0.675654 0.075163 0.076797
2 0.097222 0.977124 0.060458 0.042484
2 0.285948 0.575163 0.196078 0.176471
2 0.235294 0.984477 0.052288 0.027778
2 0.437092 0.598857 0.158497 0.168301
2 0.419117 0.878268 0.053921 0.053922
2 0.437091 0.993464 0.040849 0.009804
2 0.443628 0.934640 0.053921 0.058823
2 0.463236 0.967320 0.057189 0.022876
2 0.573530 0.661764 0.163399 0.127451
2 0.793300 0.655228 0.080065 0.111111
2 0.861112 0.665032 0.104575 0.120915
2 0.885621 0.934640 0.101308 0.114379
2 0.956700 0.922386 0.083333 0.116013