4 0.087188 0.557740 0.174375 0.261925
4 0.095937 0.330126 0.125625 0.193305
4 0.157188 0.143096 0.153125 0.187448
4 0.157188 0.383682 0.143125 0.141422
4 0.201250 0.661925 0.216250 0.351465
4 0.246250 0.872804 0.213750 0.252719
4 0.195625 0.490795 0.086250 0.143096
4 0.232813 0.278243 0.158125 0.216737
4 0.302500 0.435146 0.163750 0.244351
4 0.400625 0.660251 0.226250 0.286192
4 0.348125 0.065271 0.113750 0.125523
4 0.417187 0.863180 0.210625 0.271966
4 0.444688 0.143933 0.149375 0.179080
4 0.452500 0.275732 0.136250 0.218410
4 0.433125 0.025523 0.087500 0.051046
4 0.455625 0.043515 0.055000 0.056904
4 0.570000 0.475732 0.227500 0.282008
4 0.553125 0.802092 0.176250 0.215062
4 0.543750 0.068619 0.141250 0.137238
4 0.616563 0.936401 0.234375 0.125523
4 0.568750 0.655230 0.137500 0.130544
4 0.624688 0.364436 0.180625 0.213389
4 0.642187 0.219666 0.186875 0.203347
4 0.590625 0.723849 0.045000 0.075314
4 0.725938 0.864016 0.203125 0.270293
4 0.758125 0.451046 0.132500 0.219246
4 0.756563 0.269875 0.109375 0.223431
4 0.857500 0.605020 0.213750 0.237657
4 0.889687 0.395815 0.190625 0.209205
4 0.924063 0.782427 0.141875 0.241004
4 0.966250 0.592051 0.066250 0.221757
4 0.983750 0.435983 0.031250 0.150628