2 0.176976 0.851250 0.161512 0.196250
2 0.150515 0.178125 0.101719 0.097500
2 0.121305 0.064688 0.039175 0.095625
2 0.137457 0.595000 0.063230 0.080000
2 0.159794 0.452187 0.105155 0.081875
2 0.131958 0.379375 0.030241 0.070000
2 0.176976 0.505313 0.105154 0.109375
2 0.212715 0.078125 0.146392 0.122500
2 0.224743 0.603437 0.103093 0.066875
2 0.224742 0.395000 0.081100 0.073750
2 0.298969 0.178750 0.158076 0.112500
2 0.258763 0.470313 0.058420 0.066875
2 0.369416 0.855313 0.231615 0.215625
2 0.328178 0.599375 0.106529 0.051250
2 0.315808 0.390000 0.079037 0.073750
2 0.371478 0.493125 0.182131 0.163750
2 0.379725 0.087500 0.142268 0.135000
2 0.458419 0.964687 0.184192 0.040625
2 0.471821 0.180625 0.157388 0.112500
2 0.457732 0.605312 0.096220 0.063125
2 0.513402 0.530937 0.112714 0.119375
2 0.519587 0.888750 0.107217 0.148750
2 0.516838 0.425625 0.067353 0.083750
2 0.557389 0.090000 0.137457 0.150000
2 0.554639 0.476875 0.086598 0.060000
2 0.568728 0.611250 0.088659 0.051250
2 0.673539 0.869063 0.230927 0.218125
2 0.642612 0.187188 0.158075 0.109375
2 0.631271 0.540000 0.090035 0.107500
2 0.633333 0.453125 0.048797 0.046250
2 0.664261 0.605312 0.088660 0.053125
2 0.672852 0.389062 0.075601 0.071875
2 0.723711 0.098750 0.164949 0.163750
2 0.720619 0.483750 0.080413 0.107500
2 0.786598 0.612187 0.129897 0.076875
2 0.802405 0.208125 0.149141 0.151250
2 0.763918 0.879375 0.050171 0.157500
2 0.822337 0.959688 0.156014 0.061875
2 0.802749 0.401875 0.097594 0.087500
2 0.829553 0.523125 0.107216 0.103750
2 0.844674 0.854375 0.103093 0.148750
2 0.853264 0.097812 0.083161 0.145625
2 0.862543 0.454688 0.078350 0.066875
2 0.873883 0.398438 0.044674 0.056875
2 0.881100 0.595625 0.041237 0.051250