2 0.024078 0.969161 0.048155 0.059656
2 0.030644 0.083923 0.061288 0.153690
2 0.057536 0.353893 0.115072 0.200202
2 0.094121 0.815975 0.188243 0.353893
2 0.068480 0.065723 0.131957 0.131446
2 0.051594 0.214357 0.095685 0.107179
2 0.072233 0.582912 0.136961 0.199192
2 0.114759 0.526795 0.130707 0.186047
2 0.091933 0.160263 0.076297 0.112234
2 0.164477 0.269970 0.116323 0.232558
2 0.143840 0.027300 0.050032 0.054601
2 0.179487 0.962083 0.106316 0.073812
2 0.208880 0.106673 0.157599 0.124368
2 0.241088 0.676441 0.190744 0.260870
2 0.265166 0.875127 0.153846 0.211325
2 0.260475 0.053084 0.098186 0.106168
2 0.287992 0.263903 0.153221 0.202224
2 0.296436 0.981294 0.103815 0.035389
2 0.365540 0.664813 0.134459 0.284126
2 0.356785 0.117795 0.078173 0.146613
2 0.375860 0.314459 0.106316 0.230536
2 0.389306 0.028311 0.120700 0.056623
2 0.430894 0.477249 0.165103 0.236603
2 0.434021 0.884227 0.168856 0.229525
2 0.441839 0.267947 0.091933 0.198180
2 0.441213 0.111729 0.078174 0.126390
2 0.473108 0.975228 0.119450 0.047523
2 0.484678 0.629424 0.072546 0.193125
2 0.471232 0.096057 0.038148 0.095045
2 0.545029 0.052073 0.124453 0.104146
2 0.558474 0.248736 0.148843 0.250758
2 0.506254 0.371587 0.036898 0.049545
2 0.562226 0.879171 0.148843 0.239636
2 0.531895 0.464611 0.065666 0.136501
2 0.614134 0.616280 0.175110 0.199191
2 0.614133 0.475228 0.155097 0.182002
2 0.647280 0.940344 0.157599 0.117290
2 0.636023 0.360465 0.103815 0.114257
2 0.626955 0.136501 0.080675 0.109201
2 0.683239 0.245702 0.116949 0.169869
2 0.710131 0.071790 0.144465 0.143579
2 0.709506 0.670880 0.069418 0.138524
2 0.730769 0.183013 0.088180 0.058645
2 0.759537 0.580890 0.130707 0.207280
2 0.775485 0.343276 0.162601 0.225480
2 0.793621 0.913044 0.150094 0.171891
2 0.817698 0.111224 0.083177 0.175935
2 0.867730 0.676947 0.168230 0.213347
2 0.818324 0.036906 0.061914 0.073812
2 0.881801 0.512639 0.126329 0.165824
2 0.950281 0.983822 0.094434 0.030334
2 0.962164 0.745702 0.074422 0.197169
2 0.962789 0.889787 0.073171 0.161779
2 0.977486 0.493427 0.043778 0.256825