3 0.526875 0.045028 0.065000 0.090056
3 0.545312 0.884146 0.086875 0.229831
3 0.545313 0.427767 0.074375 0.240150
3 0.583750 0.096154 0.107500 0.192308
3 0.595000 0.914165 0.103750 0.169794
3 0.594688 0.510319 0.101875 0.258912
3 0.644688 0.435272 0.073125 0.221388
3 0.647813 0.864447 0.066875 0.205441
3 0.645312 0.053002 0.056875 0.106004
3 0.720938 0.058631 0.056875 0.117261
3 0.732500 0.831614 0.066250 0.201689
3 0.738750 0.436679 0.063750 0.203565
3 0.764375 0.097092 0.090000 0.194184
3 0.769688 0.885085 0.091875 0.227955
3 0.818437 0.431989 0.061875 0.194184
3 0.817500 0.813321 0.055000 0.165103
3 0.816875 0.068480 0.051250 0.136961
3 0.881250 0.070357 0.058750 0.140713
3 0.881250 0.785647 0.056250 0.194184
3 0.886250 0.419324 0.051250 0.212007
3 0.915938 0.832551 0.074375 0.203565
3 0.915000 0.120544 0.067500 0.201688
3 0.920312 0.486867 0.068125 0.219512
3 0.947500 0.074109 0.056250 0.148218
3 0.954375 0.771107 0.051250 0.161350
3 0.954063 0.419324 0.043125 0.180113