4 0.101875 0.798334 0.203750 0.311667
4 0.157812 0.389166 0.200625 0.251667
4 0.159687 0.112084 0.183125 0.224167
4 0.251563 0.687500 0.180625 0.268334
4 0.342187 0.094584 0.136875 0.144167
4 0.341250 0.247083 0.071250 0.177500
4 0.391563 0.349167 0.143125 0.155000
4 0.427187 0.793334 0.180625 0.211667
4 0.420625 0.458333 0.121250 0.155000
4 0.473750 0.969167 0.220000 0.060000
4 0.436250 0.121250 0.106250 0.164166
4 0.485312 0.042917 0.126875 0.085833
4 0.469688 0.638333 0.088125 0.228333
4 0.507188 0.355417 0.105625 0.164167
4 0.509375 0.224583 0.110000 0.139167
4 0.525312 0.099166 0.119375 0.111667
4 0.495625 0.092084 0.056250 0.070833
4 0.544063 0.620000 0.091875 0.251666
4 0.567187 0.856250 0.104375 0.220834
4 0.618750 0.447917 0.192500 0.172500
4 0.620937 0.360834 0.093125 0.108333
4 0.642813 0.169583 0.110625 0.164167
4 0.705625 0.609584 0.223750 0.220833
4 0.718438 0.925833 0.153125 0.146667
4 0.685625 0.292917 0.070000 0.124167
4 0.760312 0.470834 0.146875 0.156667
4 0.743125 0.315833 0.086250 0.166667
4 0.750625 0.039584 0.083750 0.079167
4 0.777187 0.197083 0.105625 0.252500
4 0.827500 0.403750 0.188750 0.180834
4 0.831250 0.729583 0.152500 0.197500
4 0.801562 0.106666 0.059375 0.068333
4 0.882500 0.236667 0.115000 0.118333
4 0.898438 0.697083 0.093125 0.139167
4 0.931563 0.912917 0.135625 0.172500
4 0.929688 0.408333 0.069375 0.155000
4 0.965000 0.596250 0.068750 0.124166
4 0.965313 0.261667 0.065625 0.116667
4 0.969062 0.726250 0.060625 0.197500
4 0.970313 0.477083 0.058125 0.130833