0 0.004297 0.407972 0.008594 0.030480
0 0.011328 0.482415 0.022656 0.029308
0 0.014063 0.216295 0.026563 0.038687
0 0.035547 0.963658 0.061718 0.070340
0 0.135547 0.596718 0.122656 0.175849
0 0.142578 0.855217 0.127344 0.177022
0 0.236328 0.743259 0.121094 0.189918
0 0.244140 0.560375 0.136719 0.187574
0 0.222266 0.859320 0.041407 0.089098
0 0.283984 0.342322 0.121093 0.143025
0 0.388672 0.405627 0.108594 0.168816
0 0.552343 0.352873 0.090625 0.157093
0 0.587891 0.838804 0.102344 0.233294
0 0.600000 0.423798 0.040626 0.050411
0 0.644532 0.360492 0.104687 0.160609
0 0.651563 0.565065 0.031250 0.053927
0 0.703125 0.346425 0.067188 0.127785
0 0.741016 0.236225 0.107031 0.169988
0 0.737109 0.879250 0.027344 0.039859
0 0.739063 0.915006 0.012500 0.026964
0 0.741407 0.796014 0.014063 0.014068
0 0.741797 0.688746 0.014844 0.033997
0 0.764844 0.987105 0.035937 0.023447
0 0.758594 0.875147 0.012500 0.048065
0 0.764063 0.767878 0.021875 0.035170
0 0.811328 0.458383 0.089844 0.089097
0 0.844921 0.228605 0.117969 0.178194
0 0.832031 0.878077 0.031250 0.030481
0 0.846094 0.647714 0.031250 0.050410
0 0.867969 0.967175 0.031250 0.053927
0 0.954297 0.298945 0.089844 0.175850