0 0.080000 0.384429 0.107500 0.066731
0 0.099062 0.303192 0.076875 0.107351
0 0.213438 0.416345 0.091875 0.095745
0 0.230938 0.315280 0.078125 0.087041
0 0.238437 0.661992 0.034375 0.062863
0 0.265625 0.661025 0.048750 0.068666
0 0.264062 0.716635 0.039375 0.058027
0 0.276875 0.609768 0.052500 0.053192
0 0.306875 0.657157 0.038750 0.053191
0 0.342500 0.425048 0.102500 0.072534
0 0.364687 0.311895 0.074375 0.109285
0 0.396875 0.748066 0.053750 0.084139
0 0.403438 0.691972 0.029375 0.031915
0 0.418438 0.775145 0.023125 0.026112
0 0.439375 0.702128 0.055000 0.073501
0 0.450625 0.762089 0.048750 0.056092
0 0.471562 0.743230 0.034375 0.041586
0 0.523125 0.422147 0.102500 0.099614
0 0.520938 0.311895 0.079375 0.109285
0 0.655625 0.403288 0.107500 0.061896
0 0.650312 0.323018 0.076875 0.102515
0 0.775937 0.332205 0.074375 0.124758
0 0.800000 0.404255 0.102500 0.056093
0 0.836562 0.161025 0.029375 0.033849
0 0.859062 0.175048 0.025625 0.009671
0 0.864688 0.158124 0.031875 0.035783
0 0.887188 0.170212 0.018125 0.023211
0 0.928438 0.338008 0.081875 0.136364