0 0.119629 0.346324 0.149414 0.130883
2 0.691406 0.770589 0.232422 0.276471
0 0.260254 0.499265 0.456054 0.516177
0 0.667480 0.804412 0.663085 0.388235
0 0.746093 0.442647 0.505859 0.426470
2 0.419921 0.908824 0.171875 0.179411
2 0.586425 0.930147 0.213867 0.136764
2 0.580566 0.377205 0.170899 0.277941
2 0.584472 0.538235 0.045899 0.244118
2 0.763671 0.255883 0.140625 0.058823
2 0.796875 0.950735 0.189454 0.095588
2 0.855957 0.282353 0.088868 0.064706
2 0.913085 0.855882 0.171875 0.282353
2 0.960449 0.280882 0.065430 0.035294
2 0.967285 0.973529 0.063476 0.050000