2 0.146562 0.428371 0.034375 0.032772
2 0.145313 0.399344 0.021875 0.036517
2 0.170313 0.512641 0.020625 0.040263
2 0.175313 0.372191 0.023125 0.040262
2 0.179688 0.789794 0.016875 0.023408
2 0.184688 0.756086 0.019375 0.032772
2 0.194375 0.310393 0.031250 0.038390
2 0.195312 0.662453 0.021875 0.029026
2 0.219375 0.629682 0.018750 0.044007
2 0.223438 0.517323 0.026875 0.030899
2 0.228438 0.474251 0.034375 0.044008
2 0.229687 0.443352 0.024375 0.029026
2 0.240937 0.671817 0.029375 0.029027
2 0.247812 0.318821 0.026875 0.025281
2 0.260313 0.507959 0.031875 0.034644
2 0.289062 0.708333 0.033125 0.051498
2 0.290937 0.541667 0.024375 0.040262
2 0.299063 0.491104 0.031875 0.047753
2 0.295000 0.676498 0.021250 0.034644
2 0.327812 0.529494 0.028125 0.029026
2 0.332187 0.684457 0.026875 0.061798
2 0.335938 0.472378 0.026875 0.040262
2 0.368437 0.413389 0.030625 0.049625
2 0.373750 0.639981 0.036250 0.045880
2 0.376250 0.555712 0.015000 0.034644
2 0.397500 0.425561 0.027500 0.030899
2 0.406563 0.437734 0.039375 0.029026
2 0.400000 0.567884 0.011250 0.040262
2 0.420000 0.541667 0.010000 0.029026
2 0.440937 0.670880 0.029375 0.057116
2 0.487187 0.695225 0.014375 0.040262
2 0.504687 0.669944 0.018125 0.032772
2 0.524062 0.657771 0.026875 0.045881
2 0.535937 0.693820 0.026875 0.022472
2 0.550625 0.655898 0.026250 0.042135
2 0.560312 0.592229 0.021875 0.030899
2 0.560312 0.617978 0.014375 0.020599
2 0.604688 0.637172 0.028125 0.045880