2 0.056250 0.611459 0.106250 0.089583
2 0.035937 0.305208 0.056250 0.106250
2 0.049218 0.505208 0.070313 0.122917
2 0.065625 0.160416 0.078124 0.108333
2 0.098438 0.268750 0.087500 0.120834
2 0.108594 0.427084 0.073438 0.129167
2 0.102344 0.727083 0.045313 0.116667
2 0.132031 0.560417 0.101562 0.125000
2 0.133594 0.853125 0.098437 0.156250
2 0.164844 0.178125 0.114062 0.160416
2 0.163281 0.367708 0.107812 0.118750
2 0.185938 0.501042 0.121875 0.156250
2 0.197657 0.715625 0.104687 0.168750
2 0.208594 0.266667 0.095312 0.070833
2 0.221876 0.109375 0.090625 0.114584
2 0.243750 0.554167 0.109375 0.154167
2 0.236719 0.906250 0.092188 0.100000
2 0.269531 0.813542 0.126562 0.181250
2 0.253906 0.385416 0.085937 0.104167
2 0.273438 0.215625 0.084375 0.127084
2 0.317968 0.677083 0.107813 0.162500
2 0.296875 0.071875 0.053126 0.143750
2 0.342187 0.328125 0.093750 0.168750
2 0.332812 0.481250 0.065625 0.100000
2 0.359375 0.925000 0.118750 0.133334
2 0.375781 0.115625 0.114063 0.202084
2 0.378907 0.091667 0.101563 0.162500
2 0.425000 0.525000 0.137500 0.162500
2 0.398438 0.281250 0.078125 0.141666
2 0.417187 0.634375 0.112499 0.081250
2 0.442187 0.759375 0.090625 0.189584
2 0.486719 0.147917 0.114062 0.158333
2 0.488282 0.913542 0.117187 0.168750
2 0.488281 0.286459 0.110937 0.172917
2 0.531250 0.039584 0.103124 0.079167
2 0.532031 0.602083 0.104687 0.166667
2 0.535156 0.039583 0.089062 0.041667
2 0.603125 0.728125 0.156250 0.206250
2 0.597656 0.504166 0.126562 0.179167
2 0.638281 0.275000 0.132812 0.154166
2 0.650782 0.031250 0.126563 0.062500
2 0.671875 0.871875 0.150000 0.193750
2 0.703906 0.126042 0.132812 0.197917
2 0.715625 0.600000 0.134374 0.187500
2 0.733594 0.413542 0.139063 0.202083
2 0.777343 0.657292 0.173437 0.214583
2 0.835938 0.797916 0.184375 0.208333
2 0.825000 0.950000 0.150000 0.095834
2 0.837500 0.233333 0.165626 0.220833
2 0.853907 0.523958 0.126563 0.214583
2 0.921875 0.071875 0.131250 0.143750
2 0.942188 0.470834 0.112500 0.258333
2 0.945312 0.708333 0.106251 0.195833
2 0.950001 0.258333 0.096875 0.208333
2 0.950001 0.896875 0.096875 0.185416