0 0.012500 0.297187 0.025000 0.029375
0 0.021875 0.323437 0.043750 0.040625
0 0.098750 0.080312 0.197500 0.128125
0 0.309063 0.731563 0.618125 0.535625
0 0.031875 0.346875 0.027500 0.018750
0 0.127500 0.435625 0.218750 0.145000
0 0.042188 0.309688 0.024375 0.030625
0 0.275313 0.141563 0.240625 0.118125
0 0.255938 0.025937 0.184375 0.051875
0 0.324062 0.491250 0.239375 0.153750
0 0.417188 0.053437 0.203125 0.106875
0 0.516875 0.271563 0.280000 0.295625
0 0.455937 0.851875 0.069375 0.071250
0 0.553125 0.539687 0.246250 0.161875
0 0.639375 0.086250 0.233750 0.116250
0 0.692187 0.398125 0.210625 0.121250
0 0.735938 0.910937 0.273125 0.176875
0 0.831562 0.628437 0.304375 0.248125
0 0.784687 0.293750 0.179375 0.097500
0 0.835625 0.204687 0.168750 0.080625
0 0.898438 0.400313 0.201875 0.271875