2 0.375000 0.698874 0.101250 0.163227
2 0.027187 0.695121 0.054375 0.075047
2 0.060312 0.946529 0.120625 0.105066
2 0.018437 0.738274 0.035625 0.080676
2 0.064375 0.704033 0.058750 0.057223
2 0.097500 0.661351 0.046250 0.061914
2 0.177812 0.817073 0.131875 0.153846
2 0.159688 0.936210 0.080625 0.125704
2 0.231563 0.935272 0.168125 0.127580
2 0.232187 0.606942 0.045625 0.078799
2 0.262500 0.651031 0.093750 0.097561
2 0.279062 0.725140 0.111875 0.123827
2 0.304688 0.823171 0.114375 0.130394
2 0.316250 0.612570 0.055000 0.071295
2 0.340625 0.903846 0.096250 0.122889
2 0.410313 0.935272 0.140625 0.127580
2 0.424375 0.803940 0.085000 0.058162
2 0.475000 0.867261 0.118750 0.104128
2 0.469375 0.747186 0.092500 0.132270
2 0.546563 0.950751 0.124375 0.096623
2 0.568125 0.717636 0.102500 0.150094
2 0.595000 0.831614 0.105000 0.124765
2 0.608125 0.636961 0.055000 0.069419
2 0.655000 0.656191 0.085000 0.107880
2 0.679375 0.742965 0.110000 0.155723
2 0.701250 0.609756 0.046250 0.084428
2 0.746563 0.966698 0.116875 0.064728
2 0.735938 0.838649 0.069375 0.091932
2 0.753750 0.702157 0.092500 0.111633
2 0.774687 0.780019 0.088125 0.090994
2 0.804062 0.902908 0.124375 0.167918
2 0.815937 0.670262 0.078125 0.113509
2 0.857500 0.775328 0.092500 0.126641
2 0.864375 0.639775 0.057500 0.086304
2 0.898750 0.879925 0.102500 0.166980
2 0.907188 0.693715 0.076875 0.113508
2 0.927500 0.969982 0.106250 0.058161
2 0.952187 0.782364 0.094375 0.153846
2 0.976562 0.901032 0.045625 0.124766