4 0.222656 0.717799 0.079688 0.142857
4 0.042188 0.055035 0.084375 0.110070
4 0.170312 0.045667 0.137501 0.091335
4 0.332813 0.423887 0.184375 0.187353
4 0.390625 0.565573 0.218750 0.194379
4 0.453906 0.121780 0.104687 0.187354
4 0.507032 0.114754 0.170313 0.145199
4 0.503125 0.022248 0.075000 0.044496
4 0.536719 0.662764 0.089062 0.187353
4 0.642969 0.093677 0.098437 0.187354
4 0.684374 0.381733 0.146875 0.238876
4 0.731250 0.823185 0.212500 0.217798
4 0.801563 0.930913 0.175000 0.133489
4 0.895313 0.028103 0.075000 0.056206
4 0.946875 0.394614 0.103126 0.231850
4 0.957813 0.758782 0.081250 0.192038