2 0.070312 0.730696 0.140625 0.225989
2 0.248750 0.786724 0.162500 0.245763
2 0.338125 0.633239 0.153750 0.240113
2 0.439063 0.632297 0.113125 0.225047
2 0.480625 0.869586 0.103750 0.202448
2 0.619687 0.962336 0.025625 0.028249
2 0.691563 0.782957 0.030625 0.051789
2 0.746563 0.663371 0.028125 0.040490
2 0.747812 0.697269 0.015625 0.042373
2 0.800938 0.567326 0.019375 0.034840
2 0.845313 0.641714 0.023125 0.025424
2 0.855000 0.612994 0.018750 0.024482
2 0.875312 0.518361 0.021875 0.017891
2 0.873437 0.598399 0.013125 0.019774
2 0.883125 0.550377 0.008750 0.023541