4 0.538125 0.841247 0.172500 0.192737
4 0.035000 0.375232 0.070000 0.158287
4 0.035000 0.775605 0.070000 0.171322
4 0.036875 0.598696 0.073750 0.232775
4 0.040625 0.154096 0.081250 0.135009
4 0.062500 0.265829 0.125000 0.129423
4 0.049375 0.085195 0.095000 0.170391
4 0.087813 0.051676 0.110625 0.103352
4 0.124375 0.169460 0.108750 0.158286
4 0.184688 0.389664 0.183125 0.187151
4 0.210938 0.197393 0.176875 0.243948
4 0.200000 0.071229 0.081250 0.067970
4 0.235000 0.648510 0.148750 0.222533
4 0.251875 0.790503 0.138750 0.148976
4 0.214688 0.020484 0.061875 0.040968
4 0.269688 0.060521 0.079375 0.121043
4 0.299375 0.486965 0.117500 0.229051
4 0.364687 0.842179 0.194375 0.202048
4 0.298125 0.168529 0.043750 0.076350
4 0.328125 0.053538 0.081250 0.107076
4 0.397813 0.391992 0.176875 0.316573
4 0.405000 0.138734 0.175000 0.238361
4 0.536563 0.530261 0.179375 0.272812
4 0.578750 0.277933 0.210000 0.276536
4 0.526875 0.030727 0.047500 0.061453
4 0.561875 0.102886 0.115000 0.108939
4 0.602500 0.070298 0.098750 0.116388
4 0.665625 0.621973 0.166250 0.234637
4 0.711875 0.391992 0.185000 0.297951
4 0.709375 0.168529 0.138750 0.163874
4 0.672813 0.029795 0.041875 0.059590
4 0.697812 0.042365 0.064375 0.084730
4 0.760938 0.792830 0.180625 0.259777
4 0.777188 0.070298 0.089375 0.105214
4 0.828437 0.321229 0.186875 0.240224
4 0.806563 0.575885 0.133125 0.181565
4 0.782188 0.012570 0.074375 0.025140
4 0.808750 0.146648 0.108750 0.105214
4 0.858437 0.045158 0.078125 0.090317
4 0.866875 0.650373 0.066250 0.170391
4 0.880313 0.172253 0.036875 0.080074
4 0.934063 0.215084 0.119375 0.173184
4 0.934688 0.093110 0.113125 0.111732
4 0.955625 0.020484 0.087500 0.040968
4 0.961875 0.627560 0.075000 0.154563
4 0.987500 0.743016 0.023750 0.145251
4 0.988125 0.655959 0.022500 0.116388
4 0.995313 0.310522 0.008125 0.097765