4 0.083750 0.495937 0.140834 0.104375
4 0.060000 0.822500 0.120000 0.172500
4 0.080834 0.159375 0.161667 0.120000
4 0.192500 0.810312 0.148334 0.184375
4 0.238334 0.460625 0.153333 0.135000
4 0.249584 0.158438 0.165833 0.114375
4 0.371667 0.841875 0.210000 0.162500
4 0.396667 0.465313 0.168333 0.184375
4 0.415834 0.149062 0.156667 0.133125
4 0.550000 0.825625 0.161666 0.185000
4 0.562917 0.145625 0.159167 0.120000
4 0.572917 0.467812 0.157500 0.161875
4 0.722500 0.161250 0.200000 0.130000
4 0.737084 0.838437 0.215833 0.199375
4 0.764583 0.466875 0.170833 0.167500
4 0.898750 0.161250 0.134166 0.116250
4 0.924584 0.851875 0.149167 0.186250
4 0.929167 0.451562 0.140000 0.184375