4 0.056563 0.753289 0.113125 0.245301
4 0.087813 0.428571 0.175625 0.169173
4 0.118438 0.238722 0.228125 0.159774
4 0.117500 0.576128 0.147500 0.276316
4 0.149375 0.952067 0.152500 0.093985
4 0.229687 0.810150 0.145625 0.223684
4 0.267500 0.581767 0.157500 0.255639
4 0.369688 0.216636 0.145625 0.166353
4 0.355938 0.542293 0.111875 0.165414
4 0.434063 0.782425 0.198125 0.252820
4 0.502812 0.679042 0.176875 0.177631
4 0.514687 0.358082 0.119375 0.156015
4 0.524375 0.916354 0.133750 0.165413
4 0.521250 0.499060 0.118750 0.195488
4 0.553750 0.845865 0.158750 0.182331
4 0.591875 0.436560 0.103750 0.166354
4 0.605938 0.668703 0.126875 0.175752
4 0.637813 0.914473 0.078125 0.169173
4 0.686562 0.553101 0.129375 0.164473
4 0.738438 0.923872 0.133125 0.150376