2 0.120625 0.238816 0.030000 0.056435
2 0.122813 0.114590 0.034375 0.037853
2 0.202188 0.276325 0.043125 0.052994
2 0.250625 0.104611 0.037500 0.034412
2 0.260313 0.338954 0.035625 0.051618
2 0.284687 0.130076 0.046875 0.037165
2 0.283125 0.084997 0.037500 0.046111
2 0.298438 0.329663 0.046875 0.046800
2 0.312812 0.066758 0.046875 0.041294
2 0.335000 0.021335 0.038750 0.035788
2 0.494062 0.207158 0.066875 0.048176
2 0.490000 0.612526 0.037500 0.056435
2 0.517813 0.574329 0.046875 0.052994
2 0.598125 0.743289 0.032500 0.061941
2 0.659375 0.866483 0.031250 0.030282
2 0.685000 0.469374 0.045000 0.048176
2 0.698438 0.429800 0.046875 0.040605
2 0.732500 0.307295 0.046250 0.052994
2 0.834375 0.907433 0.036250 0.051618
2 0.945625 0.948039 0.046250 0.046111
2 0.943125 0.805230 0.038750 0.049553