4 0.657680 0.321895 0.233660 0.241830
4 0.153595 0.576798 0.245098 0.290849
4 0.190360 0.334967 0.259803 0.218954
4 0.214869 0.793301 0.256536 0.282680
4 0.277778 0.147876 0.238562 0.240196
4 0.338236 0.486111 0.199347 0.236928
4 0.419118 0.696896 0.259804 0.292483
4 0.432190 0.301470 0.217321 0.210785
4 0.526144 0.885621 0.251634 0.173202
4 0.561275 0.508987 0.236929 0.227124
4 0.556372 0.200163 0.125817 0.174837
4 0.718954 0.629902 0.323529 0.223856
4 0.791667 0.851307 0.282680 0.254902
4 0.815360 0.243464 0.205883 0.205882
4 0.815360 0.452615 0.156863 0.140523
4 0.874183 0.651144 0.186274 0.236928
4 0.930556 0.404412 0.066993 0.168301