2 0.324333 0.382000 0.015333 0.056000
2 0.366667 0.497000 0.038667 0.048000
2 0.462333 0.525000 0.022000 0.046000
2 0.483333 0.441500 0.028000 0.029000
2 0.492333 0.565500 0.023333 0.047000
2 0.498667 0.488500 0.033333 0.051000
2 0.498667 0.334000 0.025333 0.052000
2 0.506333 0.543500 0.026000 0.033000
2 0.518000 0.281000 0.041334 0.050000
2 0.532000 0.350000 0.030666 0.042000
2 0.601333 0.211500 0.046667 0.061000
2 0.723333 0.780000 0.022667 0.060000
2 0.750667 0.800500 0.032000 0.073000
2 0.765667 0.477000 0.015333 0.054000
2 0.809334 0.468000 0.038667 0.048000
2 0.818666 0.552500 0.045333 0.055000
2 0.862667 0.558000 0.024000 0.050000
2 0.921666 0.526000 0.027333 0.060000
2 0.936333 0.350000 0.031333 0.062000