2 0.043437 0.067073 0.086875 0.122889
2 0.047813 0.410413 0.095625 0.194184
2 0.050937 0.073170 0.101875 0.095685
2 0.053125 0.219981 0.106250 0.186679
2 0.069062 0.215291 0.138125 0.173546
2 0.075938 0.677299 0.151875 0.311445
2 0.080625 0.684803 0.161250 0.330206
2 0.048437 0.416511 0.084375 0.181989
2 0.185313 0.861163 0.279375 0.275797
2 0.180938 0.860225 0.265625 0.277674
2 0.166250 0.471388 0.151250 0.192307
2 0.195000 0.073170 0.208750 0.146341
2 0.196250 0.073171 0.211250 0.135084
2 0.184688 0.460600 0.180625 0.178237
2 0.233438 0.240619 0.278125 0.349906
2 0.234687 0.240619 0.265625 0.338649
2 0.326875 0.560507 0.303750 0.417449
2 0.330625 0.558631 0.311250 0.409943
2 0.415313 0.066604 0.226875 0.133208
2 0.425625 0.070357 0.237500 0.136961
2 0.432813 0.710600 0.245625 0.348030
2 0.434062 0.706848 0.230625 0.351782
2 0.479687 0.760788 0.283125 0.363978
2 0.387813 0.313321 0.069375 0.080676
2 0.448750 0.204034 0.183750 0.115385
2 0.439063 0.204972 0.140625 0.132270
2 0.489063 0.747186 0.240625 0.351782
2 0.414062 0.204972 0.085625 0.109756
2 0.541563 0.371951 0.276875 0.351782
2 0.551250 0.364447 0.257500 0.359287
2 0.621563 0.901970 0.283125 0.162288
2 0.624687 0.898686 0.284375 0.200751
2 0.526250 0.877111 0.068750 0.091933
2 0.658438 0.072233 0.271875 0.144465
2 0.655625 0.072233 0.261250 0.144465
2 0.631250 0.589587 0.205000 0.197936
2 0.658125 0.295028 0.251250 0.267354
2 0.657500 0.593340 0.157500 0.190431
2 0.822500 0.782833 0.350000 0.338650
2 0.802188 0.312852 0.236875 0.413696
2 0.812188 0.572232 0.120625 0.060037
2 0.888750 0.096154 0.202500 0.192308
2 0.890625 0.098968 0.201250 0.197936
2 0.906875 0.498124 0.168750 0.219512
2 0.912187 0.494372 0.174375 0.200751
2 0.913125 0.858349 0.115000 0.281426
2 0.927188 0.797843 0.135625 0.402439
2 0.937188 0.802533 0.124375 0.393058
2 0.952500 0.290807 0.093750 0.230769
2 0.955000 0.299719 0.088750 0.196060