4 0.553104 0.422385 0.194445 0.210785
4 0.080882 0.587419 0.080065 0.063725
4 0.151144 0.695261 0.220588 0.135621
4 0.163399 0.304739 0.130719 0.096405
4 0.229575 0.383987 0.142157 0.078432
4 0.255718 0.407679 0.132353 0.125817
4 0.352125 0.406863 0.116013 0.212418
4 0.404412 0.305555 0.080065 0.104575
4 0.424019 0.477125 0.057189 0.127451
4 0.446896 0.219772 0.102941 0.073529
4 0.486928 0.317810 0.111111 0.112745
4 0.556373 0.881536 0.250000 0.148692
4 0.627451 0.246732 0.218954 0.169934
4 0.682190 0.391340 0.148693 0.129085