2 0.278438 0.290833 0.015625 0.043333
2 0.330313 0.253750 0.010625 0.030834
2 0.336562 0.342500 0.008125 0.030000
2 0.377188 0.233750 0.019375 0.022500
2 0.400000 0.267084 0.012500 0.025833
2 0.424687 0.259167 0.015625 0.041667
2 0.443750 0.365417 0.031250 0.024167
2 0.446562 0.159167 0.020625 0.035000
2 0.450937 0.349583 0.019375 0.025833
2 0.466562 0.405417 0.011875 0.040833
2 0.487187 0.167500 0.014375 0.041666
2 0.520312 0.468750 0.020625 0.027500
2 0.518125 0.077916 0.013750 0.030833
2 0.543438 0.172083 0.013125 0.032500
2 0.554375 0.437917 0.011250 0.017500
2 0.556875 0.232916 0.016250 0.030833
2 0.558437 0.301250 0.019375 0.029166
2 0.560312 0.461250 0.015625 0.029166
2 0.572812 0.347500 0.023125 0.040000
2 0.573438 0.190833 0.019375 0.036667
2 0.573750 0.122084 0.011250 0.035833
2 0.588437 0.239167 0.030625 0.040000
2 0.595625 0.057500 0.006250 0.031666
2 0.603438 0.094584 0.009375 0.019167
2 0.630625 0.229583 0.030000 0.030833
2 0.632500 0.328750 0.012500 0.035834
2 0.633125 0.299584 0.011250 0.015833
2 0.637813 0.650833 0.015625 0.046667
2 0.650312 0.328750 0.015625 0.035834
2 0.653125 0.097917 0.015000 0.035833
2 0.655625 0.296250 0.002500 0.019166
2 0.680313 0.223750 0.030625 0.022500
2 0.687188 0.174584 0.011875 0.034167
2 0.715625 0.306250 0.008750 0.022500
2 0.722187 0.672500 0.019375 0.041666
2 0.749062 0.625000 0.019375 0.046666
2 0.748750 0.786250 0.010000 0.020834
2 0.776563 0.693750 0.023125 0.027500
2 0.771250 0.269583 0.011250 0.030833
2 0.774687 0.303750 0.015625 0.017500
2 0.781562 0.510417 0.014375 0.037500
2 0.785312 0.755833 0.016875 0.040000
2 0.830000 0.060833 0.012500 0.045000
2 0.839687 0.269583 0.009375 0.020833
2 0.844063 0.130417 0.015625 0.022500
2 0.849687 0.229583 0.020625 0.040833
2 0.849375 0.311250 0.012500 0.032500
2 0.857187 0.153750 0.010625 0.017500
2 0.868750 0.618750 0.028750 0.024166
2 0.862812 0.448750 0.014375 0.027500
2 0.870938 0.315833 0.014375 0.031667
2 0.872812 0.077083 0.013125 0.025833
2 0.872812 0.502916 0.013125 0.029167
2 0.877188 0.232083 0.019375 0.025833
2 0.884062 0.440416 0.018125 0.029167
2 0.888125 0.351250 0.012500 0.025834
2 0.890313 0.545416 0.014375 0.025833
2 0.895312 0.248750 0.019375 0.030834
2 0.901250 0.600000 0.031250 0.020000
2 0.903750 0.359584 0.012500 0.025833
2 0.902500 0.300416 0.007500 0.040833
2 0.907500 0.567917 0.012500 0.025833
2 0.919687 0.297084 0.011875 0.030833
2 0.922813 0.368333 0.018125 0.033333
2 0.925000 0.535416 0.013750 0.025833
2 0.927188 0.374584 0.018125 0.030833
2 0.932813 0.586250 0.014375 0.020834
2 0.939688 0.424584 0.015625 0.030833
2 0.940312 0.620834 0.014375 0.041667
2 0.948438 0.494583 0.014375 0.027500
2 0.974063 0.238333 0.011875 0.031667
2 0.985000 0.238333 0.012500 0.020000
2 0.985000 0.378750 0.010000 0.032500