0 0.733437 0.750000 0.070625 0.117260
0 0.157188 0.975610 0.039375 0.046904
0 0.178437 0.287523 0.040625 0.062851
0 0.261250 0.589587 0.045000 0.059100
0 0.317500 0.467167 0.037500 0.065666
0 0.415625 0.167449 0.046250 0.060975
0 0.501250 0.507505 0.043750 0.069419
0 0.521250 0.021107 0.047500 0.042214
0 0.529062 0.372889 0.026875 0.045966
0 0.540937 0.334897 0.025625 0.061914
0 0.574375 0.325985 0.043750 0.070356
0 0.678750 0.363509 0.042500 0.072233
0 0.701250 0.320357 0.043750 0.051595
0 0.769688 0.478424 0.044375 0.076924
0 0.847187 0.248124 0.069375 0.089118
0 0.842188 0.695122 0.043125 0.067542
0 0.913750 0.186679 0.063750 0.061914
0 0.950312 0.510788 0.041875 0.047842