4 0.616563 0.585835 0.109375 0.132270
4 0.074063 0.465760 0.148125 0.278612
4 0.117813 0.654315 0.235625 0.201688
4 0.062500 0.970450 0.085000 0.057223
4 0.207500 0.436679 0.268750 0.263602
4 0.146875 0.962008 0.100000 0.074109
4 0.215625 0.244372 0.206250 0.136023
4 0.580937 0.513602 0.836875 0.636961
4 0.245000 0.949344 0.113750 0.099437
4 0.321875 0.094747 0.155000 0.155722
4 0.365313 0.937617 0.075625 0.122889
4 0.421250 0.168386 0.148750 0.092871
4 0.440625 0.960132 0.115000 0.077861
4 0.456562 0.945591 0.124375 0.069418
4 0.472500 0.077392 0.146250 0.154784
4 0.513750 0.983115 0.102500 0.031895
4 0.703125 0.129456 0.422500 0.258912
4 0.537500 0.962476 0.057500 0.071295
4 0.698438 0.979362 0.075625 0.039400
4 0.740000 0.913227 0.103750 0.126642
4 0.791562 0.945591 0.138125 0.106942
4 0.849375 0.964353 0.102500 0.067542
4 0.925625 0.901501 0.142500 0.131332
4 0.932500 0.960132 0.133750 0.077861
4 0.958125 0.070825 0.082500 0.141651