2 0.399687 0.772358 0.075625 0.108943
2 0.034688 0.807317 0.069375 0.060162
2 0.081250 0.744309 0.071250 0.082114
2 0.109687 0.805284 0.078125 0.046341
2 0.119688 0.673171 0.081875 0.094309
2 0.157812 0.747968 0.079375 0.089431
2 0.190625 0.715854 0.067500 0.077236
2 0.190312 0.814634 0.051875 0.058536
2 0.285000 0.814227 0.071250 0.046341
2 0.317500 0.751219 0.067500 0.092683
2 0.361875 0.809756 0.073750 0.055284
2 0.370938 0.693496 0.063125 0.081300
2 0.440937 0.816666 0.058125 0.041463
2 0.489062 0.708943 0.034375 0.060162
2 0.490938 0.774796 0.038125 0.087805
2 0.496875 0.690244 0.045000 0.078049
2 0.518750 0.812601 0.046250 0.043089
2 0.559688 0.784553 0.035625 0.056910
2 0.574062 0.819106 0.049375 0.036585
2 0.581875 0.721952 0.041250 0.058537
2 0.629687 0.785772 0.061875 0.072358
2 0.643437 0.817886 0.036875 0.029268
2 0.665938 0.783333 0.055625 0.067480
2 0.701250 0.819106 0.046250 0.036585
2 0.735625 0.784960 0.051250 0.067479