2 0.046094 0.751174 0.092188 0.089202
2 0.051562 0.232395 0.103125 0.150235
2 0.136719 0.180751 0.273438 0.361502
2 0.150000 0.707746 0.300000 0.185446
2 0.052344 0.111503 0.101562 0.115023
2 0.070312 0.053990 0.090625 0.107981
2 0.114063 0.215963 0.043749 0.107981
2 0.146875 0.737089 0.087500 0.046948
2 0.160156 0.271126 0.114062 0.077465
2 0.182032 0.143193 0.107813 0.169015
2 0.216407 0.691315 0.089063 0.124413
2 0.239063 0.096245 0.062499 0.084507
2 0.269531 0.667841 0.035937 0.077465
2 0.636719 0.313381 0.529688 0.626761
2 0.427344 0.017605 0.039062 0.035211
2 0.438281 0.083334 0.035938 0.082159
2 0.457031 0.144366 0.057813 0.072770
2 0.453125 0.365024 0.043750 0.086855
2 0.459375 0.453052 0.046875 0.089202
2 0.460938 0.038732 0.037501 0.068075
2 0.492969 0.066901 0.051563 0.072770
2 0.514063 0.372066 0.062501 0.119718
2 0.510157 0.213616 0.032813 0.028169
2 0.512500 0.145540 0.028126 0.089202
2 0.526563 0.433099 0.056251 0.039906
2 0.524219 0.026995 0.035938 0.053991
2 0.548437 0.188968 0.053125 0.100939
2 0.551562 0.102112 0.031250 0.082159
2 0.557813 0.049296 0.040625 0.042254
2 0.590625 0.422535 0.056250 0.103286
2 0.572656 0.023474 0.014062 0.046948
2 0.590624 0.129108 0.040625 0.051644
2 0.602344 0.338028 0.064063 0.089202
2 0.609375 0.186620 0.056250 0.096244
2 0.603125 0.038732 0.031250 0.068075
2 0.610156 0.106807 0.039062 0.072769
2 0.660157 0.436619 0.045313 0.061033
2 0.664062 0.349765 0.043751 0.065728
2 0.670312 0.231220 0.056251 0.115023
2 0.693751 0.400235 0.078125 0.119718
2 0.692969 0.171361 0.051562 0.065727
2 0.730468 0.495305 0.070313 0.089202
2 0.755469 0.341550 0.051562 0.110329
2 0.791406 0.442489 0.076562 0.110329
2 0.807812 0.531690 0.075000 0.072770
2 0.828125 0.388497 0.053126 0.110329
2 0.864063 0.495306 0.081250 0.107981