2 0.474375 0.726562 0.152500 0.111875
2 0.141250 0.562187 0.117500 0.128125
2 0.330937 0.674375 0.118125 0.130000
2 0.336250 0.599063 0.097500 0.081875
2 0.356563 0.540312 0.108125 0.086875
2 0.447187 0.582187 0.100625 0.109375
2 0.632500 0.480313 0.102500 0.118125
2 0.689688 0.787813 0.108125 0.138125
2 0.673125 0.425625 0.051250 0.073750
2 0.730938 0.519687 0.128125 0.118125
2 0.734063 0.412813 0.083125 0.105625
2 0.758125 0.347187 0.056250 0.035625
2 0.825625 0.380312 0.112500 0.133125
2 0.845938 0.500000 0.123125 0.136250
2 0.892813 0.412813 0.049375 0.095625