2 0.746563 0.237336 0.108125 0.170732
2 0.202187 0.263602 0.088125 0.135084
2 0.191250 0.194184 0.063750 0.095685
2 0.226562 0.337711 0.111875 0.178236
2 0.266250 0.198874 0.055000 0.063790
2 0.304688 0.233583 0.070625 0.097561
2 0.336562 0.322233 0.119375 0.167917
2 0.372500 0.430582 0.135000 0.153846
2 0.373125 0.224203 0.053750 0.086304
2 0.457500 0.314259 0.100000 0.166980
2 0.528125 0.209662 0.107500 0.173546
2 0.563438 0.353658 0.104375 0.161351
2 0.630000 0.220450 0.103750 0.170732
2 0.673750 0.406660 0.113750 0.167917
2 0.790938 0.420263 0.133125 0.189493
2 0.828750 0.323171 0.050000 0.092871