2 0.131562 0.728598 0.213125 0.268109
2 0.179063 0.939323 0.130625 0.119473
2 0.244375 0.116181 0.192500 0.232361
2 0.231563 0.321731 0.094375 0.133584
2 0.365000 0.549389 0.161250 0.252117
2 0.396250 0.774695 0.196250 0.290687
2 0.401875 0.296332 0.161250 0.237065
2 0.418125 0.096895 0.147500 0.173095
2 0.492500 0.928033 0.196250 0.142051
2 0.545000 0.077610 0.147500 0.155221
2 0.562188 0.334430 0.135625 0.126999
2 0.646250 0.487770 0.212500 0.275635
2 0.706875 0.913453 0.207500 0.171213
2 0.685625 0.151928 0.111250 0.179681
2 0.749062 0.682032 0.138125 0.222014
2 0.796563 0.058326 0.143125 0.116651
2 0.805625 0.410160 0.107500 0.171214
2 0.910313 0.844308 0.178125 0.198495
2 0.917813 0.956726 0.163125 0.084666
2 0.940000 0.052210 0.046250 0.104421
2 0.985000 0.182032 0.028750 0.211666