1 0.009687 0.515948 0.019375 0.075047
1 0.071875 0.628987 0.071250 0.276736
1 0.060313 0.490150 0.035625 0.181050
1 0.120625 0.530019 0.048750 0.101313
1 0.151875 0.626173 0.055000 0.259850
1 0.176250 0.530488 0.058750 0.111632
1 0.260000 0.627111 0.056250 0.246717
1 0.353125 0.620075 0.052500 0.290806
1 0.430937 0.613509 0.044375 0.273921
1 0.571250 0.351782 0.051250 0.076923
1 0.623438 0.542683 0.073125 0.411820
1 0.813125 0.623358 0.372500 0.715760
1 0.672500 0.540338 0.072500 0.395872
1 0.666562 0.430113 0.014375 0.130394
1 0.698750 0.414635 0.041250 0.183865