0 0.130719 0.566176 0.212418 0.256535
0 0.125817 0.363562 0.199346 0.207516
0 0.038399 0.879085 0.021242 0.065360
0 0.065360 0.775327 0.068627 0.184640
0 0.226308 0.904412 0.328431 0.138889
0 0.412582 0.272876 0.511438 0.496732
0 0.247549 0.579249 0.034314 0.086601
0 0.427288 0.787581 0.315359 0.320261
0 0.440360 0.952615 0.112745 0.035947
0 0.616013 0.938726 0.222222 0.070261
0 0.751634 0.628268 0.437908 0.638888
0 0.600491 0.037582 0.119281 0.042484
0 0.659314 0.076797 0.053922 0.065359
0 0.781863 0.080065 0.246732 0.114379
0 0.937091 0.049836 0.063725 0.050653