4 0.223438 0.665625 0.150000 0.137500
4 0.361719 0.733594 0.176562 0.170312
4 0.382031 0.564843 0.110938 0.154687
4 0.467187 0.603906 0.206250 0.173438
4 0.402344 0.472657 0.073438 0.107813
4 0.488281 0.487501 0.151562 0.115625
4 0.531250 0.739844 0.206250 0.204688
4 0.583594 0.496875 0.142188 0.196874
4 0.630469 0.641406 0.145312 0.179688
4 0.702344 0.761718 0.117188 0.117187
4 0.704688 0.193750 0.096875 0.103124
4 0.742969 0.637499 0.160938 0.134375
4 0.767187 0.210156 0.053125 0.079688
4 0.820312 0.243750 0.078125 0.106250
4 0.930469 0.239844 0.098438 0.095312
4 0.975782 0.250781 0.045313 0.117187