4 0.244063 0.613787 0.176875 0.162417
4 0.280000 0.635033 0.150000 0.106704
4 0.299063 0.560434 0.139375 0.131256
4 0.327813 0.657223 0.105625 0.043437
4 0.349375 0.678470 0.141250 0.110482
4 0.361250 0.509443 0.101250 0.104816
4 0.460000 0.557130 0.178750 0.268177
4 0.481563 0.706327 0.133125 0.071766
4 0.508125 0.518413 0.157500 0.285175
4 0.593750 0.682247 0.118750 0.127479
4 0.660937 0.427290 0.190625 0.276676
4 0.688750 0.546742 0.205000 0.171860
4 0.720313 0.698300 0.171875 0.136922
4 0.739375 0.528801 0.105000 0.220963
4 0.819688 0.705383 0.078125 0.135977
4 0.812500 0.582153 0.051250 0.140698
4 0.905625 0.677998 0.150000 0.181303