4 0.392813 0.511111 0.228125 0.182906
4 0.101563 0.556837 0.194375 0.200855
4 0.072813 0.354274 0.109375 0.158119
4 0.188750 0.800428 0.217500 0.330769
4 0.171250 0.283334 0.101250 0.159829
4 0.215000 0.429914 0.098750 0.126495
4 0.297812 0.191453 0.118125 0.116240
4 0.279687 0.349145 0.071875 0.081197
4 0.489375 0.930769 0.162500 0.136752
4 0.512813 0.261539 0.186875 0.140171
4 0.521875 0.405983 0.112500 0.117948
4 0.680000 0.376069 0.150000 0.198291
4 0.685312 0.236752 0.116875 0.073504
4 0.770312 0.676923 0.133125 0.227350
4 0.891875 0.873077 0.215000 0.252136
4 0.847187 0.170513 0.123125 0.058974
4 0.880000 0.321368 0.118750 0.126495
4 0.925937 0.219230 0.119375 0.115385
4 0.930000 0.480342 0.113750 0.200000
4 0.962500 0.326496 0.073750 0.193162