4 0.462187 0.495833 0.054375 0.093333
4 0.496875 0.418334 0.075000 0.061667
4 0.515000 0.671667 0.087500 0.200000
4 0.525937 0.506250 0.104375 0.120834
4 0.558125 0.788750 0.112500 0.144166
4 0.536250 0.382500 0.066250 0.106666
4 0.551250 0.301250 0.085000 0.082500
4 0.580313 0.691250 0.050625 0.090834
4 0.577500 0.378750 0.037500 0.089166
4 0.622188 0.544167 0.105625 0.110000
4 0.601562 0.429584 0.059375 0.105833
4 0.643437 0.798750 0.113125 0.114166
4 0.640937 0.658750 0.104375 0.125834
4 0.631875 0.463334 0.076250 0.116667
4 0.637500 0.725834 0.080000 0.066667