4 0.366406 0.760937 0.139062 0.112500
4 0.154688 0.480469 0.121875 0.098438
4 0.162500 0.396094 0.128124 0.120312
4 0.169531 0.585156 0.117188 0.126563
4 0.214843 0.348437 0.067187 0.059375
4 0.241407 0.282031 0.098437 0.092187
4 0.514063 0.449219 0.618750 0.582812
4 0.267187 0.696875 0.100000 0.084374
4 0.309375 0.279687 0.065624 0.103125
4 0.378906 0.221875 0.114062 0.053125
4 0.400782 0.179688 0.060937 0.034375
4 0.471875 0.159375 0.075000 0.056250
4 0.510938 0.792968 0.125000 0.139063
4 0.533594 0.167187 0.098437 0.068750
4 0.596874 0.175781 0.065625 0.076562
4 0.632812 0.809375 0.112499 0.081250
4 0.695312 0.207031 0.103125 0.110938
4 0.739844 0.779687 0.120312 0.078125
4 0.749219 0.264844 0.085938 0.110937
4 0.805468 0.341407 0.110937 0.132813
4 0.797656 0.718750 0.082813 0.100000
4 0.857031 0.626563 0.176562 0.099999
4 0.864843 0.437500 0.101563 0.103124
4 0.875781 0.357813 0.051563 0.056250
4 0.894532 0.553125 0.079687 0.100000
4 0.910937 0.471875 0.065625 0.068750