4 0.391563 0.333960 0.146875 0.188147
4 0.068750 0.645343 0.137500 0.167451
4 0.071875 0.470367 0.143750 0.159924
4 0.084062 0.291627 0.168125 0.158043
4 0.067188 0.896049 0.133125 0.206020
4 0.104063 0.094544 0.148125 0.189087
4 0.205937 0.928033 0.160625 0.142051
4 0.230312 0.073377 0.119375 0.146754
4 0.331562 0.516463 0.160625 0.186265
4 0.375000 0.074318 0.155000 0.148636
4 0.455313 0.657103 0.133125 0.283161
4 0.505937 0.466133 0.190625 0.172155
4 0.526875 0.082314 0.141250 0.164628
4 0.702500 0.099718 0.148750 0.199436
4 0.807500 0.177328 0.215000 0.202258
4 0.807500 0.358420 0.171250 0.141110
4 0.837813 0.499059 0.178125 0.224835