0 0.227500 0.173750 0.075000 0.038750
0 0.252084 0.202500 0.070833 0.051250
0 0.349167 0.592187 0.086667 0.058125
0 0.378750 0.794687 0.082500 0.059375
0 0.397917 0.844062 0.084167 0.063125
0 0.405833 0.614375 0.086667 0.061250
0 0.407083 0.563125 0.079167 0.047500
0 0.418750 0.309375 0.089166 0.056250
0 0.445833 0.833125 0.080000 0.051250
0 0.453750 0.230937 0.077500 0.045625
0 0.449584 0.027500 0.059167 0.037500
0 0.456250 0.272188 0.072500 0.063125
0 0.546250 0.421250 0.220834 0.181250
0 0.505000 0.265937 0.061666 0.058125
0 0.533750 0.203437 0.077500 0.053125
0 0.612084 0.169375 0.084167 0.052500
0 0.620000 0.114687 0.086666 0.059375
0 0.671667 0.148125 0.075000 0.055000
0 0.669166 0.544687 0.051667 0.044375
0 0.702083 0.532500 0.045833 0.051250