4 0.648047 0.720313 0.125782 0.169791
2 0.331250 0.656771 0.162500 0.163542
4 0.154297 0.441146 0.085156 0.069792
4 0.204297 0.523958 0.103906 0.083333
4 0.193360 0.416666 0.069531 0.077083
4 0.223438 0.356770 0.017187 0.053125
4 0.511718 0.735938 0.171875 0.169791
4 0.804688 0.465105 0.109375 0.121875
4 0.830469 0.584896 0.109375 0.138542
2 0.077343 0.429167 0.154687 0.104167
2 0.122265 0.520312 0.074219 0.171875
2 0.594531 0.585417 0.145313 0.218750
2 0.682032 0.547396 0.226563 0.151042
2 0.889454 0.492188 0.180469 0.134375