4 0.818334 0.370625 0.153333 0.108750
4 0.480834 0.608125 0.121667 0.061250
4 0.501667 0.786875 0.163333 0.133750
4 0.481667 0.665000 0.120000 0.050000
4 0.486667 0.396250 0.130000 0.087500
4 0.489167 0.520000 0.131667 0.107500
4 0.490834 0.110000 0.118333 0.087500
4 0.490833 0.201875 0.115000 0.091250
4 0.505000 0.940000 0.140000 0.117500
4 0.496667 0.290625 0.106667 0.086250
4 0.507500 0.024375 0.111666 0.048750
4 0.763333 0.024375 0.110000 0.048750
4 0.773333 0.191250 0.110000 0.065000
4 0.775000 0.102500 0.100000 0.077500
4 0.791667 0.268750 0.110000 0.085000
4 0.815833 0.504375 0.131667 0.096250
4 0.839166 0.643125 0.158333 0.083750
4 0.873333 0.778750 0.156667 0.092500
4 0.887500 0.940625 0.161666 0.116250