4 0.653750 0.522594 0.121250 0.153138
4 0.025625 0.066109 0.051250 0.073640
4 0.048750 0.029288 0.097500 0.058577
4 0.060937 0.920084 0.121875 0.158159
4 0.180000 0.232636 0.360000 0.343096
4 0.096562 0.843933 0.105625 0.084518
4 0.110312 0.977406 0.064375 0.041841
4 0.178750 0.921757 0.141250 0.153138
4 0.198437 0.775732 0.114375 0.169038
4 0.363125 0.128033 0.343750 0.180753
4 0.232813 0.866527 0.069375 0.087866
4 0.276250 0.764016 0.146250 0.450209
4 0.284687 0.896653 0.114375 0.134728
4 0.471250 0.623849 0.397500 0.497908
4 0.459688 0.024686 0.055625 0.049372
4 0.500938 0.976151 0.068125 0.046025
4 0.524062 0.023849 0.073125 0.047699
4 0.541562 0.083263 0.061875 0.067783
4 0.590938 0.029288 0.055625 0.058577
4 0.601250 0.077406 0.060000 0.051046
4 0.787187 0.761088 0.424375 0.476150
4 0.628750 0.295816 0.085000 0.096234
4 0.643125 0.046443 0.058750 0.076151
4 0.691875 0.364436 0.085000 0.102929
4 0.722500 0.444352 0.072500 0.070293
4 0.735937 0.204184 0.050625 0.065272
4 0.766875 0.390377 0.086250 0.092887
4 0.789375 0.183263 0.061250 0.058577
4 0.793438 0.227615 0.064375 0.066946
4 0.799687 0.304184 0.076875 0.096234
4 0.844688 0.274896 0.079375 0.096235
4 0.891250 0.433055 0.085000 0.089539
4 0.909687 0.138912 0.073125 0.058578
4 0.916875 0.104602 0.080000 0.051883
4 0.948125 0.506695 0.096250 0.104603
4 0.960000 0.316318 0.078750 0.068620
4 0.961875 0.174895 0.075000 0.068619
4 0.985625 0.145606 0.027500 0.068619
4 0.986875 0.272385 0.025000 0.091214
4 0.990312 0.555648 0.018125 0.051883