2 0.468750 0.340206 0.322500 0.269916
2 0.043437 0.455951 0.086875 0.068416
2 0.057500 0.391753 0.115000 0.144330
2 0.075938 0.261012 0.151875 0.278350
2 0.082500 0.517338 0.165000 0.099344
2 0.090313 0.904405 0.180625 0.189316
2 0.159375 0.639175 0.318750 0.155576
2 0.091250 0.092784 0.152500 0.080599
2 0.083438 0.103562 0.131875 0.109653
2 0.218125 0.763355 0.267500 0.092784
2 0.154062 0.023430 0.126875 0.046860
2 0.180938 0.150421 0.111875 0.207123
2 0.212500 0.912371 0.166250 0.128398
2 0.255937 0.512652 0.223125 0.328023
2 0.337187 0.805998 0.278125 0.076851
2 0.274062 0.029053 0.120625 0.058107
2 0.271875 0.147142 0.098750 0.236177
2 0.395625 0.897376 0.315000 0.203374
2 0.327500 0.164948 0.095000 0.213683
2 0.369062 0.046392 0.080625 0.092784
2 0.525625 0.750703 0.306250 0.221181
2 0.525000 0.920338 0.268750 0.157451
2 0.451875 0.116682 0.107500 0.220244
2 0.564063 0.116682 0.229375 0.220244
2 0.630625 0.407216 0.303750 0.351453
2 0.681250 0.639176 0.317500 0.247423
2 0.658750 0.128397 0.157500 0.129335
2 0.753750 0.858013 0.188750 0.282100
2 0.832500 0.770853 0.300000 0.441424
2 0.803125 0.143862 0.207500 0.109653
2 0.826875 0.384723 0.157500 0.349579
2 0.898438 0.341612 0.198125 0.325210
2 0.858750 0.055764 0.111250 0.111528
2 0.928125 0.710403 0.142500 0.462980
2 0.948438 0.121368 0.083125 0.195876
2 0.956250 0.955014 0.086250 0.088098