0 0.726392 0.501250 0.150719 0.205834
0 0.725141 0.446666 0.548468 0.531667
2 0.029706 0.428333 0.059412 0.098333
2 0.034709 0.282917 0.069418 0.140833
2 0.048468 0.683334 0.096936 0.156667
2 0.055347 0.402084 0.085678 0.069167
2 0.098186 0.523334 0.147592 0.228333
2 0.085678 0.362500 0.078799 0.093334
2 0.076298 0.266666 0.033771 0.108333
2 0.141964 0.288334 0.106316 0.151667
2 0.184803 0.676667 0.168230 0.160000
2 0.165415 0.442500 0.066917 0.066666
2 0.178862 0.392500 0.091307 0.066666
2 0.264228 0.518334 0.161976 0.208333
2 0.242965 0.298750 0.103189 0.130834
2 0.305503 0.389583 0.096935 0.082500
2 0.348969 0.671250 0.155097 0.170834
2 0.421826 0.435417 0.135710 0.112500
2 0.413696 0.383750 0.098186 0.080834
2 0.407755 0.342500 0.076298 0.063334
2 0.444340 0.516250 0.149468 0.192500