0 0.120000 0.483209 0.165000 0.264926
0 0.151250 0.811567 0.172500 0.257462
0 0.162500 0.138060 0.170000 0.261194
0 0.317500 0.475747 0.175000 0.287313
0 0.340000 0.843284 0.135000 0.186567
0 0.358750 0.164179 0.172500 0.223880
0 0.520000 0.483209 0.170000 0.264926
0 0.518750 0.826492 0.157500 0.242537
0 0.538750 0.164179 0.147500 0.223880
0 0.716250 0.466418 0.182500 0.291044
0 0.713750 0.164179 0.147500 0.246268
0 0.716250 0.845149 0.142500 0.197761
0 0.885000 0.164179 0.145000 0.208956
0 0.900000 0.847015 0.155000 0.216418
0 0.908750 0.516791 0.152500 0.212686