4 0.718750 0.718165 0.057500 0.091760
4 0.008750 0.402622 0.017500 0.063670
4 0.013750 0.228465 0.027500 0.044943
4 0.016875 0.485955 0.033750 0.069288
4 0.028750 0.759363 0.050000 0.095506
4 0.096250 0.786517 0.067500 0.104869
4 0.134375 0.709738 0.038750 0.052434
4 0.143125 0.847379 0.043750 0.069289
4 0.161250 0.898876 0.037500 0.059925
4 0.161250 0.217228 0.035000 0.044943
4 0.188125 0.167603 0.036250 0.039326
4 0.287500 0.954120 0.052500 0.088015
4 0.423125 0.070224 0.053750 0.054307
4 0.567500 0.044008 0.030000 0.043071
4 0.592500 0.690074 0.040000 0.076779
4 0.654375 0.914794 0.053750 0.076779
4 0.671875 0.122659 0.021250 0.050562
4 0.729375 0.117978 0.028750 0.041199
4 0.751250 0.663858 0.052500 0.061798
4 0.769375 0.102059 0.033750 0.054307
4 0.816875 0.576779 0.051250 0.059926
4 0.823125 0.115168 0.036250 0.043071
4 0.897500 0.109550 0.027500 0.058053
4 0.986250 0.447566 0.025000 0.052435