4 0.344141 0.375000 0.100781 0.129166
4 0.296875 0.361980 0.056250 0.128125
4 0.296094 0.111979 0.051563 0.107292
4 0.284766 0.235938 0.027344 0.203125
4 0.320703 0.220834 0.091406 0.166667
4 0.364453 0.121875 0.113281 0.125000
4 0.402734 0.286979 0.103907 0.173958
4 0.428906 0.189584 0.117187 0.166667
4 0.446875 0.417187 0.125000 0.169791
4 0.499219 0.335938 0.120312 0.132291
4 0.527344 0.251563 0.118750 0.136459
4 0.527734 0.501042 0.080469 0.072917
4 0.572265 0.450000 0.146093 0.145834
4 0.541797 0.165625 0.082031 0.083334
4 0.585156 0.328125 0.109375 0.127084
4 0.610547 0.190625 0.078906 0.081250
4 0.645703 0.252604 0.128906 0.132292