0 0.092500 0.304167 0.055000 0.088333
0 0.125312 0.695833 0.028125 0.031667
0 0.188750 0.317917 0.028750 0.032500
0 0.263125 0.472917 0.032500 0.032500
0 0.314063 0.133750 0.056875 0.080834
0 0.333750 0.907083 0.037500 0.032500
0 0.381250 0.124167 0.070000 0.093333
0 0.379375 0.354166 0.042500 0.063333
0 0.372188 0.872917 0.013125 0.027500
0 0.423750 0.348750 0.067500 0.080834
0 0.441875 0.191250 0.060000 0.062500
0 0.440625 0.144584 0.043750 0.075833
0 0.444375 0.394166 0.048750 0.058333
0 0.466562 0.564167 0.059375 0.050000
0 0.558125 0.952500 0.028750 0.031666
0 0.574062 0.331666 0.060625 0.066667
0 0.613125 0.034584 0.081250 0.069167
0 0.620625 0.099167 0.045000 0.063333
0 0.775625 0.355834 0.241250 0.456667
0 0.840313 0.163750 0.070625 0.092500