4 0.574346 0.921569 0.125817 0.147059
4 0.428104 0.593138 0.209151 0.104575
4 0.425653 0.509804 0.200981 0.071896
4 0.421569 0.658497 0.140523 0.150327
4 0.454248 0.453431 0.192811 0.165033
4 0.450981 0.735294 0.107843 0.205882
4 0.484477 0.406046 0.161764 0.194444
4 0.533497 0.379085 0.125817 0.205882
4 0.558824 0.727124 0.114379 0.235294
4 0.615196 0.396242 0.089870 0.174836
4 0.696896 0.512255 0.200981 0.119281
4 0.655228 0.729576 0.111111 0.122549
4 0.693628 0.683824 0.158497 0.102941
4 0.693628 0.442810 0.122549 0.163399
4 0.708333 0.614379 0.145425 0.088236