0 0.525834 0.813438 0.156667 0.106875
0 0.324584 0.266875 0.474167 0.138750
0 0.111667 0.666562 0.020000 0.039375
0 0.113750 0.501563 0.020834 0.030625
0 0.117500 0.525625 0.018334 0.017500
0 0.310833 0.147187 0.405000 0.118125
0 0.118334 0.703125 0.011667 0.023750
0 0.165000 0.058437 0.081666 0.066875
0 0.137917 0.835000 0.022500 0.041250
0 0.144584 0.901250 0.035833 0.051250
0 0.291250 0.465000 0.289166 0.261250
0 0.168750 0.945938 0.039166 0.030625
0 0.392917 0.738438 0.324167 0.258125
0 0.398333 0.969062 0.230000 0.060625
0 0.390416 0.026250 0.064167 0.031250
0 0.478333 0.448750 0.106667 0.133750
0 0.452083 0.053750 0.009167 0.013750
0 0.558333 0.976875 0.125000 0.045000
0 0.535833 0.008125 0.036667 0.016250
0 0.539166 0.071563 0.006667 0.006875
0 0.547084 0.075313 0.009167 0.010625
0 0.556666 0.010625 0.023333 0.013750
0 0.775834 0.437812 0.446667 0.305625
0 0.777084 0.693125 0.444167 0.256250
0 0.561250 0.087188 0.009166 0.016875
0 0.572500 0.095625 0.018334 0.010000
0 0.747084 0.920313 0.134167 0.061875
0 0.703750 0.123750 0.015834 0.013750
0 0.703750 0.133750 0.015834 0.010000
0 0.839167 0.076563 0.255000 0.066875
0 0.732916 0.138750 0.015833 0.013750
0 0.850833 0.966562 0.200000 0.065625
0 0.842917 0.886875 0.134167 0.107500
0 0.819584 0.180938 0.029167 0.030625
0 0.850417 0.188125 0.014167 0.013750
0 0.859583 0.195625 0.022500 0.018750
0 0.927083 0.903125 0.144167 0.150000
0 0.930833 0.207187 0.118333 0.090625