4 0.119375 0.425141 0.201250 0.187382
4 0.136875 0.583333 0.227500 0.249529
4 0.176563 0.343691 0.159375 0.167608
4 0.235312 0.298493 0.071875 0.158192
4 0.324375 0.125706 0.155000 0.157250
4 0.303438 0.509887 0.079375 0.198682
4 0.427500 0.513653 0.202500 0.272129
4 0.463438 0.876648 0.179375 0.233522
4 0.500000 0.712336 0.198750 0.179849
4 0.509062 0.097458 0.173125 0.185499
4 0.674375 0.415254 0.142500 0.259887
4 0.767500 0.321563 0.102500 0.262712
4 0.818750 0.663371 0.202500 0.174200
4 0.855625 0.343220 0.138750 0.189265