2 0.037500 0.658537 0.075000 0.136961
2 0.070312 0.546435 0.086875 0.134146
2 0.132500 0.651970 0.057500 0.046904
2 0.159062 0.545497 0.088125 0.132270
2 0.204688 0.654784 0.105625 0.155722
2 0.346875 0.681520 0.087500 0.128518
2 0.435312 0.057693 0.110625 0.115385
2 0.495938 0.639306 0.080625 0.132270
2 0.504375 0.284710 0.056250 0.115385
2 0.516875 0.804409 0.077500 0.098500
2 0.514063 0.060506 0.060625 0.121013
2 0.513437 0.358818 0.045625 0.066604
2 0.526875 0.199812 0.042500 0.084428
2 0.543125 0.160413 0.058750 0.075047
2 0.560312 0.788462 0.068125 0.122889
2 0.552500 0.267354 0.047500 0.091933
2 0.553125 0.333959 0.046250 0.063790
2 0.564062 0.658537 0.063125 0.151970
2 0.564688 0.057693 0.054375 0.115385
2 0.585000 0.132740 0.048750 0.057223
2 0.596562 0.021107 0.028125 0.042214
2 0.608437 0.050188 0.025625 0.096623