4 0.813750 0.705417 0.202500 0.275833
4 0.131562 0.372917 0.166875 0.137500
4 0.187500 0.602917 0.232500 0.277500
4 0.251563 0.190833 0.125625 0.156667
4 0.361563 0.804167 0.246875 0.331667
4 0.385313 0.292083 0.168125 0.185833
4 0.430625 0.446667 0.196250 0.165000
4 0.407813 0.050417 0.143125 0.100833
4 0.617813 0.853750 0.209375 0.290834
4 0.568750 0.154167 0.090000 0.165000
4 0.635312 0.432500 0.174375 0.156666
4 0.706250 0.267083 0.163750 0.190833
4 0.750312 0.055834 0.125625 0.096667
4 0.917188 0.452916 0.164375 0.200833
4 0.891875 0.271250 0.111250 0.175834