0 0.607026 0.628268 0.116013 0.112746
0 0.019608 0.562909 0.039216 0.060457
0 0.019608 0.757353 0.039216 0.089870
0 0.041667 0.606209 0.076797 0.065360
0 0.096406 0.513072 0.071895 0.071896
0 0.124183 0.745098 0.084968 0.084968
0 0.140522 0.232026 0.114379 0.117647
0 0.183007 0.728758 0.049019 0.078432
0 0.206700 0.261438 0.089869 0.084968
0 0.199347 0.531046 0.039215 0.029412
0 0.236111 0.094771 0.089870 0.084967
0 0.347222 0.729575 0.073529 0.060458
0 0.371732 0.553921 0.080066 0.084967
0 0.400326 0.687909 0.091503 0.101307
0 0.382353 0.848856 0.049020 0.057190
0 0.444445 0.473857 0.098039 0.124183
0 0.503267 0.392973 0.120915 0.116013
0 0.526960 0.730392 0.080065 0.078432
0 0.534314 0.852941 0.042484 0.049020
0 0.580066 0.830882 0.052287 0.076797
0 0.632353 0.300654 0.101308 0.104575
0 0.660131 0.856209 0.032680 0.026144
0 0.701798 0.314543 0.073529 0.053921
0 0.705882 0.758987 0.068627 0.057190
0 0.786765 0.939542 0.021242 0.019607
0 0.813726 0.939542 0.016339 0.022875
0 0.906046 0.898693 0.116013 0.111111
0 0.916667 0.807190 0.032680 0.032679
0 0.955066 0.593137 0.086601 0.111111
0 0.975490 0.740197 0.045752 0.111111