2 0.333437 0.543750 0.293125 0.329166
2 0.083125 0.313333 0.166250 0.211667
2 0.106250 0.627500 0.212500 0.310000
2 0.065938 0.446667 0.128125 0.175000
2 0.138437 0.133333 0.130625 0.171667
2 0.241875 0.345000 0.275000 0.303334
2 0.292187 0.132500 0.205625 0.140000
2 0.303750 0.042083 0.158750 0.062500
2 0.446562 0.796250 0.369375 0.402500
2 0.378750 0.267500 0.153750 0.168334
2 0.424687 0.099583 0.216875 0.187500
2 0.522188 0.230416 0.249375 0.190833
2 0.568437 0.450000 0.293125 0.248334
2 0.568438 0.034584 0.225625 0.069167
2 0.713750 0.712084 0.343750 0.385833
2 0.696562 0.169583 0.176875 0.172500
2 0.728125 0.304584 0.186250 0.109167
2 0.735000 0.082500 0.161250 0.118334
2 0.878437 0.500000 0.241875 0.271666
2 0.892813 0.315000 0.213125 0.221666
2 0.847500 0.159166 0.102500 0.151667