2 0.193125 0.316250 0.157500 0.227500
2 0.051562 0.576667 0.103125 0.160000
2 0.054062 0.810000 0.108125 0.223334
2 0.186875 0.882084 0.183750 0.230833
2 0.194688 0.689167 0.173125 0.206667
2 0.234063 0.515417 0.143125 0.140833
2 0.332500 0.233750 0.155000 0.225834
2 0.361875 0.369167 0.158750 0.145000
2 0.354687 0.687083 0.139375 0.190833
2 0.382500 0.501667 0.168750 0.216667
2 0.489063 0.202916 0.173125 0.184167
2 0.515625 0.644583 0.182500 0.220833
2 0.537500 0.363333 0.153750 0.163333
2 0.596250 0.494166 0.170000 0.201667
2 0.633750 0.180000 0.147500 0.203334
2 0.686562 0.655000 0.168125 0.190000
2 0.696875 0.383750 0.155000 0.194166
2 0.765625 0.240834 0.155000 0.201667
2 0.774062 0.110000 0.130625 0.146666