4 0.683750 0.208725 0.122500 0.182927
4 0.254688 0.552064 0.214375 0.342402
4 0.217500 0.339118 0.137500 0.197936
4 0.238750 0.793152 0.095000 0.216698
4 0.271875 0.249062 0.102500 0.160412
4 0.313125 0.149156 0.158750 0.217636
4 0.411563 0.765010 0.245625 0.349907
4 0.405313 0.334427 0.186875 0.254221
4 0.427812 0.497186 0.124375 0.181989
4 0.423125 0.182926 0.056250 0.142589
4 0.537187 0.200281 0.156875 0.196060
4 0.532813 0.486398 0.139375 0.257974
4 0.587187 0.320825 0.166875 0.223265
4 0.633437 0.772045 0.220625 0.335835
4 0.677500 0.465291 0.172500 0.257036
4 0.735313 0.644934 0.131875 0.278611