4 0.325313 0.191323 0.121875 0.235817
4 0.041250 0.097331 0.082500 0.194661
4 0.045000 0.354839 0.090000 0.182425
4 0.049688 0.707453 0.099375 0.182425
4 0.152188 0.410456 0.131875 0.180200
4 0.173125 0.711346 0.157500 0.234706
4 0.161562 0.105117 0.131875 0.210234
4 0.291563 0.414906 0.130625 0.171301
4 0.347812 0.692992 0.184375 0.280312
4 0.455313 0.358176 0.135625 0.184650
4 0.470312 0.093993 0.136875 0.187987
4 0.629687 0.332592 0.150625 0.211346
4 0.628437 0.071190 0.138125 0.142380
4 0.701250 0.701890 0.148750 0.189099
4 0.758437 0.100667 0.121875 0.201335
4 0.809063 0.383760 0.138125 0.177976
4 0.906562 0.088431 0.115625 0.176863
4 0.937188 0.361513 0.123125 0.200222
4 0.960000 0.733037 0.078750 0.191324