4 0.647656 0.550782 0.123437 0.107813
4 0.255468 0.422656 0.142187 0.092187
4 0.255469 0.556250 0.132812 0.090624
4 0.287500 0.646875 0.137500 0.134376
4 0.285938 0.336719 0.131249 0.101563
4 0.348438 0.469531 0.115625 0.082813
4 0.348437 0.287500 0.093750 0.068750
4 0.374219 0.700781 0.110938 0.129687
4 0.414062 0.557031 0.118749 0.110938
4 0.398438 0.357812 0.078125 0.103125
4 0.410937 0.261719 0.096875 0.120313
4 0.416407 0.480469 0.092187 0.082812
4 0.464844 0.390625 0.089063 0.134374
4 0.486718 0.722657 0.098437 0.110937
4 0.492188 0.528124 0.087499 0.078125
4 0.504687 0.617188 0.093750 0.112499
4 0.503907 0.454688 0.082813 0.075000
4 0.517969 0.237499 0.085938 0.103125
4 0.532812 0.332031 0.100000 0.126562
4 0.558594 0.407813 0.092188 0.106250
4 0.574999 0.492188 0.115625 0.078125
4 0.578906 0.716406 0.107812 0.114063
4 0.626562 0.260937 0.103125 0.096875
4 0.655469 0.698438 0.104687 0.109375
4 0.650781 0.425781 0.089062 0.089063
4 0.695312 0.653124 0.134375 0.109375
4 0.717187 0.314844 0.096875 0.095312
4 0.760157 0.375000 0.126563 0.100000
4 0.767188 0.446094 0.137500 0.076562
4 0.738282 0.602344 0.076563 0.089062
4 0.769532 0.541407 0.135937 0.092187