0 0.691895 0.492188 0.112305 0.117187
0 0.244141 0.855469 0.113281 0.125000
0 0.331543 0.900391 0.098632 0.121094
0 0.396484 0.853515 0.093750 0.134115
0 0.410644 0.728516 0.084961 0.126302
0 0.412598 0.938802 0.063477 0.075520
0 0.477051 0.765625 0.094726 0.085938
0 0.534668 0.962239 0.075196 0.072917
0 0.698242 0.332032 0.097656 0.132813
0 0.734375 0.293620 0.085938 0.092448
0 0.753907 0.442709 0.109375 0.145833
0 0.773438 0.979167 0.101563 0.039063
0 0.861816 0.970052 0.088867 0.057292
0 0.926758 0.925130 0.099609 0.144531
1 0.592773 0.438802 0.203125 0.106771
1 0.597657 0.399740 0.193359 0.075521
1 0.594727 0.496745 0.080078 0.050781
2 0.158691 0.793620 0.094727 0.131510
2 0.255371 0.736328 0.098633 0.121094
2 0.443359 0.953776 0.093750 0.089844
2 0.491699 0.853516 0.094726 0.121093