4 0.235840 0.713542 0.034180 0.041667
4 0.256348 0.755860 0.045899 0.037761
4 0.253418 0.735027 0.030274 0.048177
4 0.271484 0.714193 0.044922 0.035156
4 0.271485 0.770833 0.023437 0.046875
4 0.290039 0.755208 0.017578 0.057292
4 0.303711 0.701172 0.037110 0.035156
4 0.304199 0.784505 0.032226 0.035156
4 0.309570 0.718099 0.031250 0.040364
4 0.327636 0.768880 0.047851 0.040364
4 0.323730 0.681641 0.032227 0.029948
4 0.327636 0.794271 0.026367 0.020834
4 0.355468 0.679688 0.037109 0.036459
4 0.361328 0.721354 0.033203 0.031250
4 0.361328 0.776693 0.027344 0.019531
4 0.374024 0.735026 0.029297 0.045572
4 0.385254 0.784505 0.030274 0.024740
4 0.387207 0.755859 0.034180 0.032552
4 0.399902 0.692057 0.032227 0.027344
4 0.400390 0.732422 0.023437 0.042968
4 0.417480 0.695963 0.030273 0.024739
4 0.413575 0.776042 0.018555 0.015625
4 0.423828 0.756510 0.031250 0.026041
4 0.427735 0.733724 0.039063 0.040364
4 0.428710 0.715495 0.029297 0.037760