4 0.946875 0.272896 0.080000 0.135061
4 0.056563 0.700740 0.113125 0.567068
4 0.108438 0.303885 0.216875 0.335800
4 0.145000 0.096670 0.290000 0.193339
4 0.233125 0.721554 0.296250 0.525440
4 0.286250 0.302035 0.243750 0.324700
4 0.347187 0.108696 0.193125 0.217391
4 0.542500 0.747919 0.297500 0.494912
4 0.536563 0.364477 0.229375 0.370028
4 0.549687 0.104070 0.175625 0.208141
4 0.743125 0.141073 0.206250 0.282146
4 0.803750 0.387604 0.263750 0.388530
4 0.846250 0.749769 0.292500 0.498612
4 0.924687 0.146623 0.149375 0.293247
4 0.939688 0.427845 0.094375 0.420907