2 0.050187 0.460938 0.038461 0.020625
2 0.113040 0.345313 0.025329 0.025625
2 0.120544 0.252188 0.036586 0.030625
2 0.170731 0.420625 0.028143 0.012500
2 0.189963 0.405312 0.025329 0.011875
2 0.194653 0.495938 0.030957 0.015625
2 0.221857 0.460938 0.038461 0.030625
2 0.245310 0.337187 0.038461 0.025625
2 0.282364 0.330937 0.035648 0.024375
2 0.286116 0.081562 0.033771 0.020625
2 0.285647 0.114062 0.017824 0.020625
2 0.307693 0.484063 0.030019 0.025625
2 0.376642 0.315625 0.045966 0.023750
2 0.392589 0.298438 0.045966 0.020625
2 0.409006 0.418125 0.043152 0.033750
2 0.429643 0.290000 0.022515 0.017500
2 0.454971 0.306250 0.033771 0.015000
2 0.457317 0.426563 0.038462 0.020625
2 0.473264 0.371875 0.038461 0.023750
2 0.485929 0.143750 0.018762 0.022500
2 0.500938 0.313125 0.028142 0.022500
2 0.524390 0.155938 0.013133 0.015625
2 0.628518 0.190937 0.020638 0.030625
2 0.687148 0.210625 0.045966 0.018750
2 0.753283 0.463125 0.043152 0.028750