0 0.047385 0.279412 0.032679 0.042484
0 0.063725 0.253268 0.045751 0.032680
0 0.098856 0.492648 0.116013 0.125817
0 0.088235 0.283497 0.039216 0.027778
0 0.184640 0.210784 0.032679 0.019608
0 0.348856 0.691993 0.318628 0.299019
0 0.281863 0.442810 0.171569 0.127451
0 0.221405 0.203431 0.031046 0.017974
0 0.305555 0.812091 0.052287 0.058823
0 0.376634 0.190360 0.184640 0.142157
0 0.486112 0.424837 0.357843 0.238562
0 0.691993 0.613562 0.341503 0.256536
0 0.691994 0.283497 0.318627 0.214052
0 0.882353 0.420752 0.163398 0.158497