0 0.561275 0.184641 0.161765 0.133987
0 0.064543 0.578431 0.053921 0.029412
0 0.084968 0.892157 0.078431 0.065360
0 0.136438 0.494281 0.070262 0.040850
0 0.205066 0.618464 0.057189 0.063726
0 0.378268 0.329248 0.135620 0.142157
0 0.473857 0.615197 0.137255 0.138889
0 0.479575 0.694445 0.142157 0.101307
0 0.510620 0.508169 0.125817 0.117647
0 0.553921 0.699346 0.055555 0.058823
0 0.619281 0.743464 0.062092 0.071896
0 0.696896 0.458334 0.089869 0.112745
0 0.754902 0.707516 0.133987 0.133987
0 0.802288 0.463235 0.107843 0.112745
0 0.861111 0.170752 0.078432 0.053921
0 0.877451 0.253268 0.088236 0.081700
0 0.902778 0.231209 0.076797 0.063726