4 0.151928 0.837813 0.177799 0.091875
4 0.054562 0.770000 0.109125 0.088750
4 0.086078 0.710938 0.113829 0.096875
4 0.184854 0.694688 0.157102 0.113125
4 0.233772 0.740625 0.172154 0.116250
4 0.264817 0.625625 0.136407 0.107500
4 0.284102 0.868125 0.107243 0.052500
4 0.343368 0.830625 0.139228 0.060000
4 0.345720 0.795625 0.108185 0.068750
4 0.396990 0.875000 0.148636 0.056250
4 0.452493 0.763750 0.197554 0.135000
4 0.431797 0.700000 0.152399 0.088750
4 0.442145 0.637500 0.135466 0.052500
4 0.495767 0.838125 0.105362 0.078750
4 0.546096 0.689688 0.164628 0.091875
4 0.519285 0.759687 0.079022 0.058125
4 0.587488 0.788750 0.113829 0.112500