0 0.669063 0.284240 0.068125 0.103190
0 0.191250 0.649625 0.040000 0.053471
0 0.306562 0.910413 0.038125 0.059100
0 0.344375 0.688555 0.045000 0.061914
0 0.340313 0.776736 0.034375 0.061913
0 0.434063 0.536585 0.034375 0.050657
0 0.435937 0.374765 0.035625 0.034709
0 0.445625 0.683865 0.035000 0.082552
0 0.456875 0.788930 0.047500 0.076923
0 0.489687 0.825985 0.061875 0.090994
0 0.498750 0.670262 0.022500 0.029081
0 0.525000 0.769231 0.060000 0.088180
0 0.527500 0.685741 0.047500 0.060038
0 0.539062 0.258912 0.055625 0.078799
0 0.541250 0.910413 0.051250 0.051595
0 0.567187 0.303940 0.041875 0.084428
0 0.637188 0.504691 0.059375 0.101313
0 0.652500 0.338649 0.058750 0.069418
0 0.682500 0.575985 0.055000 0.082552
0 0.707812 0.833020 0.030625 0.080675
0 0.730000 0.470919 0.065000 0.088180
0 0.744687 0.822233 0.043125 0.040338
0 0.765000 0.515478 0.048750 0.085366
0 0.806250 0.849907 0.058750 0.076923
0 0.801250 0.907598 0.043750 0.060975