4 0.424167 0.590938 0.166667 0.194375
4 0.492084 0.505937 0.164167 0.095625
4 0.486250 0.446562 0.134166 0.085625
4 0.517917 0.356563 0.184167 0.118125
4 0.552083 0.295312 0.139167 0.104375
4 0.582917 0.455000 0.154167 0.130000
4 0.617916 0.271562 0.170833 0.128125
4 0.628750 0.175000 0.164166 0.116250
4 0.677500 0.399375 0.138334 0.115000
4 0.712916 0.150938 0.145833 0.123125
4 0.727500 0.355938 0.161666 0.095625
4 0.766250 0.275625 0.179166 0.106250
4 0.837916 0.211250 0.145833 0.107500
4 0.858333 0.306250 0.105000 0.120000