2 0.084896 0.230859 0.123958 0.075781
2 0.082292 0.135937 0.110417 0.085937
2 0.089062 0.321875 0.109375 0.085938
2 0.098438 0.416797 0.109375 0.077344
2 0.098438 0.503125 0.109375 0.081250
2 0.209896 0.133594 0.103125 0.081250
2 0.214062 0.233203 0.107291 0.083594
2 0.214062 0.321484 0.107291 0.078907
2 0.216145 0.417969 0.103125 0.075000
2 0.331250 0.128907 0.112500 0.085937
2 0.334375 0.224609 0.100000 0.074219
2 0.336979 0.321094 0.105208 0.084375
2 0.336979 0.412109 0.105208 0.077344
2 0.341145 0.667969 0.109375 0.081250
2 0.677083 0.135937 0.108333 0.085937
2 0.678125 0.227344 0.106250 0.085937
2 0.678125 0.323437 0.106250 0.082813
2 0.680729 0.510547 0.105208 0.078906
2 0.682813 0.417968 0.109375 0.079687
2 0.798438 0.417187 0.111459 0.081249
2 0.799480 0.323438 0.109375 0.079687
2 0.801042 0.229687 0.112500 0.081249
2 0.801562 0.134375 0.105209 0.079688
2 0.920313 0.226562 0.103125 0.084375
2 0.920313 0.324609 0.103125 0.077344
2 0.923438 0.672656 0.109375 0.085938
2 0.924479 0.132031 0.111458 0.084375
2 0.924479 0.417969 0.107292 0.082812