4 0.603333 0.299375 0.145000 0.098750
4 0.365000 0.537813 0.186666 0.118125
4 0.403750 0.626562 0.164166 0.104375
4 0.442083 0.698125 0.177500 0.135000
4 0.490000 0.399375 0.136666 0.073750
4 0.501250 0.482187 0.159166 0.095625
4 0.539166 0.656875 0.093333 0.070000
4 0.601666 0.738125 0.168333 0.147500
4 0.578750 0.616875 0.104166 0.092500
4 0.610834 0.430937 0.131667 0.081875
4 0.659583 0.518125 0.147500 0.120000
4 0.677917 0.333750 0.079167 0.098750
4 0.699584 0.449688 0.085833 0.091875
4 0.732500 0.390625 0.130000 0.097500
4 0.720000 0.748438 0.100000 0.091875
4 0.840417 0.740625 0.127500 0.083750