4 0.175000 0.334375 0.266666 0.153750
4 0.117500 0.791875 0.235000 0.108750
4 0.140000 0.715000 0.280000 0.112500
4 0.060000 0.622500 0.096666 0.097500
4 0.146667 0.586875 0.266667 0.171250
4 0.089166 0.265625 0.148333 0.108750
4 0.228333 0.518125 0.383333 0.226250
4 0.297500 0.806875 0.298334 0.116250
4 0.349167 0.694375 0.135000 0.143750
4 0.433334 0.250625 0.266667 0.156250
4 0.461667 0.865625 0.150000 0.128750
4 0.515000 0.786875 0.096666 0.063750
4 0.558334 0.401250 0.166667 0.082500
4 0.666667 0.691250 0.206667 0.230000
4 0.765834 0.290625 0.161667 0.233750
4 0.860000 0.526250 0.106666 0.087500
4 0.940833 0.505625 0.115000 0.183750