4 0.258474 0.713125 0.093221 0.080000
4 0.123823 0.698125 0.085688 0.056250
4 0.121469 0.464375 0.043314 0.038750
4 0.185499 0.672187 0.079096 0.049375
4 0.201036 0.476250 0.053672 0.032500
4 0.247175 0.878750 0.110170 0.070000
4 0.242467 0.604375 0.053672 0.066250
4 0.295198 0.581562 0.066855 0.044375
4 0.296610 0.546250 0.069680 0.037500
4 0.346046 0.607187 0.066855 0.054375
4 0.357815 0.762500 0.084745 0.051250
4 0.379943 0.521250 0.072505 0.028750
4 0.397834 0.481563 0.036723 0.030625
4 0.454802 0.537500 0.035782 0.037500
4 0.486817 0.498750 0.064030 0.041250
4 0.564971 0.680000 0.092279 0.061250
4 0.656309 0.609375 0.069680 0.061250
4 0.670434 0.571875 0.077213 0.041250
4 0.663371 0.526563 0.046140 0.044375
4 0.688795 0.691250 0.093220 0.060000
4 0.701507 0.540937 0.077213 0.048125
4 0.731168 0.655938 0.089454 0.048125
4 0.789077 0.581875 0.056497 0.055000
4 0.790019 0.523750 0.028248 0.042500