4 0.519205 0.579102 0.227213 0.201172
4 0.252278 0.402344 0.181641 0.235677
4 0.336589 0.564778 0.196615 0.194661
4 0.316406 0.261394 0.070312 0.100911
4 0.389648 0.421224 0.155599 0.147136
4 0.411133 0.144206 0.188151 0.171224
4 0.456380 0.261068 0.251302 0.251302
4 0.560222 0.391276 0.188151 0.238282
4 0.579753 0.096028 0.155599 0.123047
4 0.567383 0.211588 0.128255 0.162761
4 0.683920 0.569010 0.182943 0.203125
4 0.703776 0.186849 0.184896 0.157552
4 0.731120 0.105794 0.153646 0.100911
4 0.837891 0.272461 0.183594 0.266276