4 0.633125 0.208725 0.180000 0.246717
4 0.322500 0.276266 0.167500 0.256097
4 0.332187 0.068480 0.150625 0.136961
4 0.361563 0.651032 0.196875 0.309568
4 0.363438 0.169324 0.078125 0.104127
4 0.466250 0.386491 0.160000 0.249531
4 0.473750 0.165572 0.160000 0.211069
4 0.457188 0.053940 0.114375 0.107880
4 0.572500 0.065197 0.093750 0.130394
4 0.656250 0.053940 0.151250 0.107880
4 0.708750 0.429644 0.061250 0.086303
4 0.787500 0.729831 0.216250 0.463414
4 0.756250 0.560507 0.151250 0.293621
4 0.859375 0.489681 0.172500 0.240150