0 0.226875 0.767500 0.127500 0.100000
0 0.480312 0.324688 0.960625 0.206875
0 0.492188 0.454063 0.984375 0.393125
0 0.525625 0.552188 0.947500 0.541875
0 0.398750 0.945312 0.153750 0.108125
0 0.452500 0.864688 0.032500 0.015625
0 0.489062 0.855313 0.044375 0.038125
0 0.513125 0.826562 0.041250 0.044375
0 0.532500 0.781875 0.032500 0.037500
0 0.581250 0.769062 0.051250 0.053125
0 0.603750 0.729062 0.037500 0.034375
0 0.642813 0.716250 0.040625 0.042500
0 0.752188 0.617813 0.136875 0.146875
0 0.864375 0.504375 0.070000 0.107500
0 0.912813 0.445312 0.010625 0.020625
0 0.915312 0.430937 0.015625 0.011875
0 0.926250 0.441875 0.013750 0.013750