4 0.727222 0.501672 0.130000 0.217391
4 0.277222 0.521740 0.118889 0.200669
4 0.327778 0.407191 0.200000 0.212375
4 0.281666 0.600334 0.083333 0.140469
4 0.377222 0.677257 0.154444 0.227425
4 0.365000 0.550167 0.123334 0.086957
4 0.366667 0.796823 0.115555 0.165552
4 0.460556 0.853679 0.087777 0.148830
4 0.484445 0.489967 0.135555 0.244147
4 0.471666 0.692308 0.094445 0.180602
4 0.562223 0.823578 0.126667 0.205685
4 0.565555 0.355351 0.106667 0.162208
4 0.607222 0.673077 0.152222 0.235786
4 0.610000 0.508361 0.128888 0.160535
4 0.673889 0.426422 0.107778 0.147157
4 0.695000 0.658027 0.118888 0.225752