4 0.527187 0.345395 0.073125 0.147556
4 0.295937 0.287594 0.084375 0.142858
4 0.316250 0.188910 0.090000 0.088346
4 0.348750 0.341165 0.111250 0.161654
4 0.357812 0.130169 0.060625 0.062970
4 0.382188 0.238252 0.065625 0.094925
4 0.395625 0.175752 0.085000 0.077068
4 0.435312 0.371240 0.091875 0.133459
4 0.422500 0.117482 0.058750 0.080827
4 0.451250 0.279606 0.101250 0.130639
4 0.462812 0.150376 0.078125 0.099624
4 0.478125 0.116541 0.098750 0.090225
4 0.478437 0.204417 0.085625 0.085526
4 0.534687 0.248590 0.088125 0.130639
4 0.518750 0.124530 0.046250 0.062970
4 0.543125 0.187030 0.085000 0.103384
4 0.575625 0.162124 0.067500 0.145676
4 0.601875 0.322839 0.090000 0.164473
4 0.616875 0.181391 0.057500 0.099624
4 0.640313 0.254700 0.084375 0.146617