4 0.593750 0.307500 0.236250 0.233334
4 0.129062 0.322916 0.213125 0.244167
4 0.118750 0.555416 0.190000 0.295833
4 0.160625 0.805000 0.225000 0.275000
4 0.208437 0.137500 0.205625 0.240000
4 0.284687 0.599167 0.206875 0.308333
4 0.339688 0.333750 0.200625 0.290834
4 0.389375 0.845417 0.217500 0.297500
4 0.397188 0.118333 0.203125 0.236667
4 0.493437 0.562917 0.244375 0.297500
4 0.578750 0.841250 0.265000 0.305834
4 0.601875 0.111250 0.208750 0.222500
4 0.799375 0.589583 0.337500 0.347500
4 0.789062 0.127500 0.213125 0.218334
4 0.807187 0.860000 0.239375 0.278334
4 0.829687 0.307917 0.260625 0.280833