0 0.640625 0.182812 0.100000 0.093750
0 0.042969 0.741406 0.035938 0.029688
0 0.171875 0.705469 0.065626 0.057813
0 0.213281 0.889844 0.039062 0.039062
0 0.278906 0.867188 0.029688 0.028125
0 0.294531 0.851562 0.017188 0.015625
0 0.317188 0.500781 0.040625 0.026563
0 0.389844 0.487500 0.067188 0.065624
0 0.617969 0.571875 0.189062 0.337500
0 0.623437 0.882031 0.065625 0.060938
0 0.752344 0.558593 0.039062 0.042187
0 0.796875 0.577344 0.056250 0.048437
0 0.822657 0.249219 0.060937 0.057812
0 0.832812 0.725781 0.037500 0.032813
0 0.864062 0.590626 0.065625 0.059375
0 0.862500 0.734375 0.031250 0.031250
0 0.874219 0.167187 0.029688 0.028125
0 0.896875 0.142969 0.034375 0.035938
0 0.940625 0.561719 0.037500 0.029688
0 0.946875 0.602343 0.040626 0.039063