4 0.280625 0.694167 0.153750 0.185000
4 0.040313 0.548750 0.080625 0.084166
4 0.047500 0.650416 0.095000 0.129167
4 0.098125 0.697917 0.146250 0.179167
4 0.088438 0.475834 0.121875 0.083333
4 0.185312 0.519583 0.175625 0.180833
4 0.190625 0.430417 0.082500 0.077500
4 0.254375 0.444584 0.076250 0.085833
4 0.309688 0.458333 0.094375 0.158333
4 0.359063 0.555833 0.140625 0.173333
4 0.359688 0.414583 0.054375 0.064167
4 0.418438 0.466250 0.140625 0.122500
4 0.498437 0.669583 0.145625 0.170833
4 0.494687 0.462083 0.109375 0.072500
4 0.540938 0.545417 0.135625 0.132500