4 0.183593 0.446354 0.096875 0.144792
4 0.223828 0.559896 0.130468 0.123958
4 0.231250 0.252084 0.110938 0.104167
4 0.212110 0.346354 0.060157 0.092708
4 0.255078 0.670312 0.111718 0.121875
4 0.298828 0.170833 0.094531 0.091667
4 0.329688 0.699479 0.140625 0.201042
4 0.371093 0.119791 0.096875 0.077083
4 0.433984 0.741146 0.144531 0.194792
4 0.445312 0.096354 0.059375 0.067708
4 0.526953 0.765625 0.136718 0.214584
4 0.520703 0.089062 0.083594 0.078125
4 0.601562 0.132812 0.090625 0.103125
4 0.625390 0.720313 0.136719 0.226041
4 0.680859 0.155208 0.083593 0.102083
4 0.716016 0.617708 0.122656 0.218750
4 0.723828 0.223438 0.111719 0.098959
4 0.762499 0.549480 0.115625 0.196875
4 0.773046 0.409896 0.113281 0.142708
4 0.774219 0.329167 0.092187 0.112500