2 0.346875 0.375000 0.173750 0.367284
2 0.038750 0.862654 0.077500 0.268519
2 0.042500 0.421297 0.085000 0.416667
2 0.093750 0.233025 0.150000 0.250000
2 0.096250 0.726852 0.117500 0.348766
2 0.096875 0.941358 0.078750 0.111112
2 0.157500 0.412037 0.137500 0.299382
2 0.221875 0.910494 0.168750 0.172840
2 0.242500 0.296297 0.085000 0.141975
2 0.255000 0.526234 0.085000 0.114197
2 0.253125 0.390432 0.036250 0.175926
2 0.331250 0.969136 0.060000 0.055556
2 0.406250 0.787037 0.170000 0.407408
2 0.476875 0.916667 0.193750 0.160494
2 0.466875 0.250000 0.151250 0.351852
2 0.514375 0.638889 0.163750 0.438272
2 0.548125 0.381173 0.121250 0.145062
2 0.633750 0.839506 0.157500 0.314815
2 0.656250 0.496914 0.180000 0.388889
2 0.691250 0.290123 0.117500 0.135803
2 0.785000 0.719135 0.170000 0.388889
2 0.806875 0.941358 0.161250 0.111112
2 0.813750 0.418210 0.172500 0.268518
2 0.898750 0.660494 0.082500 0.209876
2 0.933750 0.830247 0.130000 0.333334
2 0.956875 0.479938 0.083750 0.324074