0 0.040937 0.524733 0.061875 0.069835
0 0.020313 0.763336 0.015625 0.021339
0 0.077500 0.764306 0.067500 0.075655
0 0.096875 0.939864 0.055000 0.083414
0 0.124375 0.348206 0.048750 0.073715
0 0.141875 0.817168 0.053750 0.068865
0 0.175312 0.367604 0.064375 0.089234
0 0.183125 0.794374 0.022500 0.056256
0 0.215000 0.789524 0.046250 0.069835
0 0.214375 0.849175 0.037500 0.053347
0 0.233750 0.291949 0.035000 0.065955
0 0.265625 0.347236 0.050000 0.071775
0 0.279375 0.280311 0.056250 0.093113
0 0.348750 0.661979 0.050000 0.068865
0 0.398438 0.645005 0.043125 0.083414
0 0.399687 0.486906 0.043125 0.073714
0 0.449063 0.551891 0.031875 0.056256
0 0.494375 0.401552 0.046250 0.065956
0 0.494375 0.677013 0.036250 0.044617
0 0.502188 0.798254 0.028125 0.031038
0 0.677812 0.866634 0.289375 0.264791
0 0.742500 0.449078 0.042500 0.069835
0 0.883125 0.734239 0.043750 0.060135