0 0.410625 0.392500 0.086250 0.138334
0 0.246875 0.600834 0.026250 0.041667
0 0.396875 0.960833 0.031250 0.045000
0 0.440625 0.572500 0.033750 0.038334
0 0.444375 0.861667 0.031250 0.050000
0 0.462500 0.930000 0.022500 0.043334
0 0.587500 0.217500 0.065000 0.071666
0 0.612500 0.547500 0.027500 0.035000
0 0.616250 0.495000 0.030000 0.026666
0 0.650625 0.196667 0.053750 0.070000
0 0.649375 0.403334 0.046250 0.073333
0 0.649375 0.547500 0.021250 0.025000
0 0.657500 0.584167 0.020000 0.031667
0 0.780625 0.233333 0.073750 0.106667
0 0.796250 0.838333 0.097500 0.110000
0 0.855625 0.384166 0.073750 0.071667
0 0.888125 0.015834 0.038750 0.031667
0 0.929375 0.887500 0.098750 0.135000
0 0.909375 0.511667 0.026250 0.030000
0 0.951250 0.944167 0.095000 0.108333