4 0.778438 0.708101 0.116875 0.116387
4 0.071563 0.571694 0.115625 0.141527
4 0.085000 0.747206 0.098750 0.129423
4 0.169375 0.729050 0.093750 0.154562
4 0.170937 0.554003 0.078125 0.141527
4 0.227813 0.894320 0.086875 0.114525
4 0.248437 0.539106 0.076875 0.137802
4 0.259062 0.728120 0.085625 0.141527
4 0.304063 0.886406 0.068125 0.130354
4 0.327813 0.528398 0.081875 0.142459
4 0.358437 0.699255 0.113125 0.145252
4 0.395000 0.878957 0.113750 0.137802
4 0.407813 0.537710 0.075625 0.123837
4 0.441875 0.372905 0.082500 0.118250
4 0.451562 0.092644 0.088125 0.084730
4 0.441875 0.231378 0.056250 0.114526
4 0.454688 0.695065 0.071875 0.118250
4 0.496250 0.538175 0.108750 0.150838
4 0.494375 0.873836 0.087500 0.116388
4 0.498750 0.234171 0.067500 0.123836
4 0.511563 0.389199 0.060625 0.096834
4 0.527188 0.704842 0.080625 0.148976
4 0.534062 0.080074 0.071875 0.063315
4 0.576250 0.861732 0.087500 0.118250
4 0.558438 0.237896 0.048125 0.112663
4 0.577187 0.382216 0.070625 0.114526
4 0.602500 0.525140 0.103750 0.152700
4 0.596250 0.250000 0.047500 0.108938
4 0.611563 0.696462 0.075625 0.132216
4 0.625938 0.090782 0.080625 0.084730
4 0.660313 0.394321 0.093125 0.114525
4 0.650000 0.870112 0.070000 0.105214
4 0.652500 0.253725 0.065000 0.094041
4 0.684688 0.687616 0.080625 0.114525
4 0.693437 0.533985 0.080625 0.135010
4 0.713437 0.106146 0.081875 0.083799
4 0.713437 0.247206 0.061875 0.110801
4 0.714688 0.867318 0.056875 0.121974
4 0.738438 0.396648 0.083125 0.132216
4 0.781875 0.543762 0.098750 0.132216
4 0.774375 0.870112 0.062500 0.116387
4 0.776250 0.252794 0.056250 0.099627
4 0.798437 0.094506 0.083125 0.107077
4 0.811562 0.408287 0.070625 0.105214
4 0.833125 0.274674 0.057500 0.096834
4 0.842188 0.876629 0.073125 0.107077
4 0.868437 0.547486 0.079375 0.139664
4 0.869062 0.406424 0.068125 0.127561
4 0.884688 0.690875 0.085625 0.132216
4 0.868750 0.121974 0.051250 0.085661
4 0.898438 0.267691 0.070625 0.125698
4 0.934375 0.417598 0.062500 0.108939
4 0.943437 0.546554 0.063125 0.122905