0 0.864688 0.719043 0.121875 0.167918
0 0.017500 0.744841 0.035000 0.090057
0 0.045625 0.394466 0.047500 0.029081
0 0.075938 0.419794 0.035625 0.055347
0 0.095625 0.488743 0.047500 0.056286
0 0.108125 0.434334 0.053750 0.061914
0 0.167500 0.893058 0.052500 0.078799
0 0.181250 0.763602 0.053750 0.078799
0 0.207813 0.461538 0.066875 0.078799
0 0.215625 0.833959 0.063750 0.084428
0 0.236875 0.729831 0.055000 0.076923
0 0.245625 0.409944 0.062500 0.075047
0 0.257812 0.509381 0.071875 0.073171
0 0.285625 0.450281 0.057500 0.086304
0 0.522500 0.678236 0.086250 0.131332
0 0.581250 0.878987 0.103750 0.155722
0 0.585313 0.502346 0.075625 0.074109
0 0.721875 0.414634 0.058750 0.065666
0 0.735625 0.354596 0.058750 0.078799
0 0.774687 0.438087 0.078125 0.076923
0 0.773438 0.661820 0.070625 0.113508
0 0.838750 0.428237 0.060000 0.068481
0 0.951562 0.697467 0.090625 0.130394
0 0.955313 0.345216 0.078125 0.076923
0 0.941875 0.397748 0.046250 0.080675
0 0.981563 0.380863 0.035625 0.086304
0 0.983437 0.448874 0.031875 0.044090
0 0.996250 0.333021 0.006250 0.013133