3 0.011875 0.216667 0.023750 0.090000
3 0.012500 0.216667 0.025000 0.090000
3 0.023125 0.845834 0.041250 0.048333
3 0.025625 0.842500 0.041250 0.048334
3 0.037500 0.728333 0.057500 0.060000
3 0.056875 0.387500 0.096250 0.131666
3 0.030625 0.809167 0.038750 0.035000
3 0.033750 0.809167 0.042500 0.028333
3 0.038125 0.352500 0.028750 0.051666
3 0.063750 0.145000 0.055000 0.056666
3 0.064375 0.146666 0.053750 0.053333
3 0.078750 0.573333 0.070000 0.086667
3 0.073750 0.357500 0.050000 0.071666
3 0.083750 0.570833 0.070000 0.095000
3 0.116875 0.232500 0.126250 0.158334
3 0.116875 0.235000 0.121250 0.160000
3 0.073750 0.416666 0.030000 0.046667
3 0.103750 0.781667 0.037500 0.060000
3 0.105000 0.775834 0.037500 0.068333
3 0.120625 0.920833 0.031250 0.055000
3 0.123125 0.922500 0.028750 0.048334
3 0.153750 0.725000 0.060000 0.083334
3 0.155625 0.731667 0.058750 0.080000
3 0.229375 0.726666 0.093750 0.096667
3 0.208750 0.744166 0.047500 0.061667
3 0.230000 0.476666 0.070000 0.103333
3 0.231250 0.478333 0.067500 0.100000
3 0.229375 0.720834 0.041250 0.058333
3 0.270000 0.084167 0.047500 0.075000
3 0.271250 0.081667 0.045000 0.076667
3 0.281875 0.468333 0.053750 0.076667
3 0.280000 0.465834 0.045000 0.081667
3 0.284375 0.558334 0.043750 0.066667
3 0.276250 0.859166 0.025000 0.048333
3 0.285000 0.562500 0.042500 0.055000
3 0.277500 0.861667 0.025000 0.060000
3 0.330000 0.745834 0.080000 0.131667
3 0.330625 0.195833 0.056250 0.075000
3 0.324375 0.567500 0.041250 0.078334
3 0.327500 0.566666 0.045000 0.076667
3 0.331875 0.191667 0.051250 0.070000
3 0.340625 0.845000 0.033750 0.063334
3 0.343125 0.840834 0.033750 0.071667
3 0.371250 0.492500 0.065000 0.078334
3 0.391250 0.325833 0.100000 0.095000
3 0.395000 0.327500 0.105000 0.098334
3 0.375000 0.475834 0.057500 0.108333
3 0.410625 0.423334 0.083750 0.103333
3 0.411250 0.426667 0.082500 0.100000
3 0.430625 0.752500 0.086250 0.138334
3 0.431875 0.748333 0.083750 0.140000
3 0.481875 0.729167 0.181250 0.408333
3 0.450625 0.642500 0.081250 0.101666
3 0.451875 0.554167 0.058750 0.075000
3 0.456875 0.480834 0.036250 0.061667
3 0.456875 0.480000 0.036250 0.053334
3 0.480000 0.880000 0.075000 0.116666
3 0.458750 0.058333 0.030000 0.033333
3 0.481250 0.880834 0.070000 0.121667
3 0.458750 0.052500 0.022500 0.041666
3 0.496250 0.707500 0.075000 0.125000
3 0.491250 0.107500 0.022500 0.038334
3 0.536250 0.797500 0.070000 0.091666
3 0.546250 0.449167 0.080000 0.095000
3 0.538750 0.881667 0.062500 0.076667
3 0.561250 0.655833 0.085000 0.128333
3 0.562500 0.654166 0.080000 0.131667
3 0.568750 0.376667 0.080000 0.103333
3 0.571875 0.372500 0.076250 0.095000
3 0.591875 0.590000 0.073750 0.093334
3 0.597500 0.583333 0.082500 0.106667
3 0.608125 0.376667 0.026250 0.076667
3 0.612500 0.375000 0.022500 0.063334
3 0.631875 0.622500 0.046250 0.075000
3 0.634375 0.624167 0.038750 0.075000
3 0.650625 0.725000 0.038750 0.080000
3 0.651250 0.725834 0.035000 0.081667
3 0.658125 0.883333 0.036250 0.060000
3 0.660000 0.885000 0.040000 0.063334
3 0.684375 0.435000 0.038750 0.043334
3 0.693750 0.730833 0.052500 0.081667
3 0.693750 0.735000 0.052500 0.080000
3 0.691875 0.880834 0.026250 0.051667
3 0.693125 0.878333 0.021250 0.053333
3 0.726250 0.165000 0.037500 0.033334
3 0.721250 0.630833 0.025000 0.035000
3 0.721875 0.635833 0.026250 0.035000
3 0.723750 0.165833 0.030000 0.031667
3 0.728125 0.968333 0.036250 0.060000
3 0.725625 0.278333 0.026250 0.040000
3 0.729375 0.968333 0.033750 0.060000
3 0.725625 0.275833 0.021250 0.028333
3 0.737500 0.584167 0.027500 0.041667
3 0.741250 0.583333 0.030000 0.043333
3 0.743750 0.932500 0.025000 0.035000
3 0.746875 0.930833 0.026250 0.048333
3 0.747500 0.648334 0.027500 0.036667
3 0.750625 0.895833 0.033750 0.048333
3 0.752500 0.897500 0.032500 0.045000
3 0.750625 0.653334 0.023750 0.043333
3 0.759375 0.150000 0.033750 0.040000
3 0.761250 0.150833 0.037500 0.045000
3 0.762500 0.542500 0.040000 0.041666
3 0.761875 0.545834 0.031250 0.051667
3 0.768750 0.664166 0.030000 0.038333
3 0.771250 0.665000 0.030000 0.046666
3 0.775625 0.932500 0.033750 0.058334
3 0.779375 0.563333 0.031250 0.053333
3 0.777500 0.935000 0.025000 0.056666
3 0.783750 0.562500 0.027500 0.051666
3 0.795625 0.675000 0.031250 0.050000
3 0.798750 0.680834 0.037500 0.041667
3 0.800625 0.092500 0.036250 0.038334
3 0.801875 0.089167 0.038750 0.035000
3 0.803750 0.593333 0.037500 0.040000
3 0.803125 0.596667 0.033750 0.040000
3 0.808750 0.201666 0.037500 0.036667
3 0.811875 0.885833 0.036250 0.055000
3 0.809375 0.166667 0.028750 0.040000
3 0.810625 0.162500 0.031250 0.045000
3 0.815000 0.887500 0.035000 0.058334
3 0.812500 0.201667 0.027500 0.030000
3 0.812500 0.970834 0.027500 0.048333
3 0.813750 0.971666 0.027500 0.053333
3 0.819375 0.728333 0.026250 0.036667
3 0.819375 0.730834 0.026250 0.038333
3 0.838125 0.981666 0.031250 0.033333
3 0.840000 0.608333 0.035000 0.040000
3 0.841250 0.943334 0.037500 0.043333
3 0.841250 0.979167 0.037500 0.038333
3 0.843125 0.946667 0.033750 0.043333
3 0.884375 0.566667 0.033750 0.040000
3 0.884375 0.565000 0.028750 0.046666
3 0.885625 0.637500 0.028750 0.048334
3 0.885625 0.643334 0.021250 0.053333
3 0.943125 0.954167 0.111250 0.088333
3 0.943125 0.956667 0.111250 0.083333