4 0.327187 0.725416 0.110625 0.165833
4 0.030000 0.781667 0.060000 0.435000
4 0.158438 0.114584 0.101875 0.165833
4 0.169687 0.279166 0.088125 0.201667
4 0.218750 0.432916 0.103750 0.220833
4 0.235938 0.653333 0.099375 0.200000
4 0.272813 0.855417 0.165625 0.287500
4 0.239375 0.160416 0.090000 0.180833
4 0.277500 0.299584 0.107500 0.194167
4 0.299375 0.060000 0.127500 0.098334
4 0.305937 0.442500 0.053125 0.091666
4 0.340938 0.189167 0.096875 0.156667
4 0.366563 0.360000 0.104375 0.163334
4 0.399062 0.955417 0.094375 0.087500
4 0.412500 0.597500 0.113750 0.195000
4 0.413750 0.744167 0.036250 0.060000
4 0.451250 0.080417 0.077500 0.160833
4 0.458125 0.944167 0.073750 0.110000
4 0.488125 0.766250 0.115000 0.222500
4 0.487812 0.171250 0.096875 0.165834
4 0.515000 0.935000 0.120000 0.128334
4 0.523750 0.304584 0.118750 0.170833
4 0.539687 0.082917 0.096875 0.165833
4 0.561562 0.507916 0.089375 0.184167
4 0.579063 0.207500 0.090625 0.120000
4 0.589375 0.071666 0.085000 0.143333
4 0.591875 0.340000 0.075000 0.096666
4 0.619687 0.698333 0.101875 0.226667
4 0.635312 0.165417 0.081875 0.135833
4 0.632188 0.507916 0.059375 0.119167
4 0.674687 0.905417 0.131875 0.187500
4 0.668125 0.292917 0.113750 0.225833
4 0.684375 0.590834 0.105000 0.156667
4 0.714688 0.466666 0.100625 0.111667
4 0.728750 0.765416 0.123750 0.240833
4 0.789062 0.640834 0.099375 0.211667
4 0.845625 0.837083 0.110000 0.242500