2 0.360175 0.825195 0.234261 0.085937
0 0.040264 0.803222 0.080527 0.137695
0 0.045388 0.556641 0.090776 0.125000
0 0.049780 0.679199 0.099561 0.110352
2 0.097365 0.446777 0.194729 0.114258
2 0.123719 0.321777 0.247438 0.155273
2 0.136164 0.157714 0.272328 0.161133
2 0.162519 0.731934 0.216691 0.104492
2 0.169107 0.819824 0.203514 0.081055
2 0.165446 0.634766 0.163983 0.089844
2 0.368961 0.719726 0.207907 0.103515
2 0.369692 0.635254 0.194729 0.118164
2 0.555637 0.730957 0.177160 0.084961
2 0.555637 0.822265 0.177160 0.085937
2 0.568082 0.617676 0.184480 0.104492
2 0.743046 0.814453 0.191801 0.091797
2 0.753294 0.712891 0.203514 0.111328
2 0.765739 0.621582 0.181552 0.083008
2 0.871889 0.277343 0.253294 0.150391
2 0.847730 0.376464 0.184481 0.057617
2 0.867496 0.139649 0.191801 0.134765