4 0.205660 0.267441 0.056604 0.106977
4 0.233963 0.733721 0.083019 0.081396
4 0.249057 0.403489 0.086793 0.086047
4 0.255661 0.126745 0.092453 0.062791
4 0.283963 0.537210 0.088679 0.083721
4 0.314151 0.337209 0.073584 0.106977
4 0.346226 0.395349 0.066037 0.102326
4 0.343396 0.510466 0.056604 0.104651
4 0.376416 0.312791 0.054717 0.090698
4 0.388679 0.593024 0.056604 0.060465
4 0.395283 0.219768 0.066038 0.086047
4 0.445283 0.611628 0.064150 0.055814
4 0.453774 0.138372 0.062264 0.076744
4 0.476415 0.500000 0.066038 0.116280
4 0.504717 0.631395 0.062264 0.072093
4 0.512264 0.156976 0.066038 0.081395
4 0.507547 0.547675 0.037736 0.058139
4 0.513208 0.495349 0.030189 0.069768
4 0.562264 0.660465 0.079246 0.069768
4 0.550000 0.516279 0.050944 0.106976
4 0.566981 0.593023 0.077358 0.041860
4 0.579245 0.188372 0.071698 0.079070
4 0.639622 0.224419 0.067925 0.081395
4 0.651887 0.601163 0.069811 0.076744
4 0.661321 0.730233 0.066038 0.065117
4 0.678302 0.520930 0.050944 0.074419
4 0.698113 0.426744 0.056604 0.072093
4 0.708490 0.652326 0.066037 0.109303
4 0.696227 0.338372 0.026415 0.058140
4 0.738679 0.422093 0.050943 0.086046
4 0.739623 0.545349 0.045283 0.113954
4 0.801887 0.322093 0.067924 0.095348
4 0.799057 0.433721 0.035849 0.090698