2 0.616250 0.558631 0.178750 0.272983
2 0.036250 0.031895 0.072500 0.063790
2 0.059375 0.408537 0.118750 0.259850
2 0.064687 0.159475 0.129375 0.238274
2 0.039375 0.626173 0.073750 0.190431
2 0.139375 0.695122 0.163750 0.213884
2 0.131562 0.093340 0.143125 0.186679
2 0.127188 0.295497 0.080625 0.163227
2 0.193125 0.494371 0.143750 0.227017
2 0.270000 0.114447 0.141250 0.121951
2 0.298125 0.035647 0.146250 0.071295
2 0.305937 0.702157 0.138125 0.199813
2 0.305937 0.378987 0.091875 0.146342
2 0.364062 0.519699 0.185625 0.230769
2 0.395625 0.257505 0.168750 0.269231
2 0.421875 0.139306 0.132500 0.136022
2 0.424375 0.029080 0.096250 0.058161
2 0.460313 0.681989 0.163125 0.221388
2 0.508125 0.383678 0.158750 0.225141
2 0.538438 0.060506 0.149375 0.121013
2 0.578750 0.183865 0.185000 0.236398
2 0.646875 0.327861 0.158750 0.212946
2 0.677500 0.030019 0.117500 0.060038
2 0.677500 0.159944 0.105000 0.203565