4 0.153125 0.656863 0.181250 0.239963
4 0.037812 0.388422 0.075625 0.235294
4 0.091875 0.110177 0.170000 0.220355
4 0.139375 0.303922 0.165000 0.208217
4 0.167500 0.910364 0.147500 0.177404
4 0.204687 0.486461 0.180625 0.240896
4 0.233438 0.080766 0.130625 0.161531
4 0.296875 0.253968 0.160000 0.242764
4 0.332187 0.626984 0.181875 0.269842
4 0.402188 0.062559 0.173125 0.125117
4 0.403750 0.369281 0.148750 0.193278
4 0.438750 0.795518 0.153750 0.235294
4 0.460938 0.915966 0.190625 0.166200
4 0.467813 0.180205 0.176875 0.171802
4 0.527500 0.253034 0.170000 0.218487
4 0.586875 0.553688 0.151250 0.214752
4 0.631250 0.801121 0.165000 0.231559
4 0.655000 0.075631 0.195000 0.151261
4 0.664062 0.394958 0.194375 0.214752
4 0.715938 0.180206 0.168125 0.233427
4 0.728750 0.913165 0.172500 0.171802
4 0.851250 0.429038 0.195000 0.282913
4 0.848437 0.636788 0.166875 0.235294
4 0.832500 0.045285 0.111250 0.090570
4 0.882188 0.093838 0.129375 0.187675
4 0.915000 0.934173 0.156250 0.129785
4 0.960313 0.260971 0.078125 0.206350
4 0.977187 0.450047 0.044375 0.171802