0 0.014375 0.188750 0.028750 0.060834
0 0.067812 0.723750 0.019375 0.024166
0 0.095625 0.725416 0.031250 0.020833
0 0.102813 0.701250 0.024375 0.027500
0 0.104063 0.559584 0.024375 0.024167
0 0.149688 0.593750 0.026875 0.029166
0 0.190625 0.020416 0.016250 0.030833
0 0.219688 0.496250 0.020625 0.030834
0 0.223438 0.465417 0.020625 0.027500
0 0.237187 0.506250 0.014375 0.030834
0 0.286250 0.544167 0.022500 0.035000
0 0.306250 0.538750 0.017500 0.024166
0 0.347813 0.493750 0.015625 0.029166
0 0.368437 0.492917 0.020625 0.027500
0 0.371563 0.501250 0.016875 0.027500
0 0.434063 0.378750 0.131875 0.082500
0 0.645312 0.428750 0.101875 0.282500
0 0.815937 0.195417 0.215625 0.297500
0 0.907500 0.624583 0.071250 0.067500
0 0.880937 0.377084 0.010625 0.014167
0 0.952813 0.749167 0.048125 0.065000
0 0.943750 0.320416 0.025000 0.055833
0 0.965938 0.914583 0.066875 0.075833
0 0.963125 0.232083 0.025000 0.025833
0 0.976875 0.525834 0.045000 0.101667
0 0.988125 0.220417 0.022500 0.110833
0 0.991875 0.396250 0.015000 0.059166