0 0.001875 0.172917 0.003750 0.029167
0 0.004063 0.213334 0.008125 0.031667
0 0.016250 0.185833 0.027500 0.028333
0 0.033750 0.357083 0.012500 0.029167
0 0.053750 0.139583 0.032500 0.030833
0 0.059688 0.425416 0.020625 0.024167
0 0.073125 0.064583 0.027500 0.032500
0 0.094375 0.236667 0.041250 0.056667
0 0.091875 0.322500 0.031250 0.046666
0 0.098438 0.091250 0.025625 0.030834
0 0.102188 0.009584 0.020625 0.019167
0 0.105938 0.382084 0.018125 0.024167
0 0.114375 0.057500 0.027500 0.043334
0 0.135625 0.374584 0.038750 0.045833
0 0.135625 0.220000 0.031250 0.045000
0 0.141562 0.086667 0.031875 0.046667
0 0.159062 0.465833 0.044375 0.060000
0 0.160938 0.290416 0.034375 0.039167
0 0.198437 0.233750 0.021875 0.024166
0 0.216875 0.544167 0.038750 0.055000
0 0.205625 0.129167 0.007500 0.013333
0 0.215938 0.185000 0.025625 0.033334
0 0.226875 0.379583 0.013750 0.019167
0 0.261563 0.428334 0.029375 0.046667
0 0.270625 0.481666 0.032500 0.043333
0 0.283125 0.402500 0.036250 0.050000
0 0.286250 0.241667 0.030000 0.036667
0 0.292813 0.512084 0.029375 0.025833
0 0.306875 0.021667 0.035000 0.040000
0 0.299687 0.152500 0.018125 0.015000
0 0.323125 0.166250 0.012500 0.025834
0 0.349375 0.483750 0.030000 0.027500
0 0.365000 0.261667 0.035000 0.045000
0 0.364375 0.613333 0.028750 0.048333
0 0.367500 0.109167 0.032500 0.050000
0 0.374062 0.017084 0.045625 0.034167
0 0.385000 0.597083 0.023750 0.029167
0 0.415625 0.359166 0.037500 0.043333
0 0.415312 0.009584 0.011875 0.019167
0 0.445312 0.040417 0.021875 0.012500
0 0.456875 0.257084 0.030000 0.015833
0 0.476562 0.687083 0.025625 0.030833
0 0.489687 0.715417 0.025625 0.032500
0 0.505313 0.700417 0.020625 0.022500
0 0.523750 0.087083 0.040000 0.042500
0 0.541875 0.764166 0.027500 0.031667
0 0.568438 0.118750 0.025625 0.034166
0 0.572812 0.782917 0.026875 0.027500
0 0.570312 0.060416 0.019375 0.030833
0 0.598750 0.060000 0.035000 0.051666
0 0.621563 0.212083 0.040625 0.054167
0 0.664687 0.123333 0.034375 0.050000
0 0.712500 0.215417 0.025000 0.044167
0 0.741562 0.424584 0.030625 0.039167