0 0.748750 0.539868 0.208750 0.299249
0 0.195312 0.601314 0.073125 0.091933
0 0.226875 0.793621 0.102500 0.150094
0 0.271563 0.648686 0.079375 0.117261
0 0.398125 0.172608 0.095000 0.146342
0 0.412500 0.508912 0.047500 0.060976
0 0.460938 0.474203 0.078125 0.107880
0 0.541875 0.545028 0.057500 0.065666
0 0.566875 0.456848 0.053750 0.088180
0 0.576875 0.809099 0.048750 0.062851
0 0.708125 0.051595 0.170000 0.103189
0 0.653125 0.185742 0.040000 0.142589
0 0.716562 0.771576 0.054375 0.089118
0 0.812188 0.018762 0.029375 0.037523
0 0.849375 0.234990 0.101250 0.113509
0 0.819063 0.920732 0.018125 0.064728
0 0.878750 0.379925 0.113750 0.150094
0 0.855625 0.737804 0.035000 0.053471
0 0.872500 0.566604 0.050000 0.054409
0 0.946562 0.322233 0.083125 0.115385
0 0.930000 0.819887 0.047500 0.067543
0 0.936250 0.968574 0.035000 0.060976
0 0.961250 0.571763 0.051250 0.040337
0 0.975313 0.982177 0.028125 0.033771