0 0.712500 0.200282 0.233750 0.209193
0 0.003750 0.453096 0.007500 0.022514
0 0.004375 0.637430 0.008750 0.034709
0 0.004375 0.674015 0.008750 0.030956
0 0.005938 0.428237 0.011875 0.034709
0 0.010313 0.413696 0.020625 0.028142
0 0.099375 0.630394 0.198750 0.234522
0 0.012812 0.443715 0.010625 0.026266
0 0.021562 0.447467 0.020625 0.028142
0 0.029063 0.425423 0.011875 0.010319
0 0.032500 0.458255 0.013750 0.019700
0 0.042188 0.421200 0.015625 0.007505
0 0.046562 0.442308 0.024375 0.034709
0 0.046875 0.259381 0.011250 0.027204
0 0.063437 0.433864 0.021875 0.032833
0 0.102500 0.808630 0.087500 0.086304
0 0.100312 0.184334 0.073125 0.121014
0 0.147187 0.288462 0.013125 0.027205
0 0.152500 0.979831 0.020000 0.025328
0 0.234063 0.107879 0.183125 0.163227
0 0.271875 0.755159 0.241250 0.277673
0 0.277188 0.328800 0.021875 0.034709
0 0.329062 0.961070 0.125625 0.075985
0 0.301875 0.278612 0.035000 0.048781
0 0.362500 0.228424 0.156250 0.117260
0 0.412813 0.371013 0.023125 0.038462
0 0.538125 0.861163 0.273750 0.275797
0 0.490625 0.219043 0.148750 0.124766
0 0.562500 0.333959 0.046250 0.065666
0 0.632812 0.438555 0.025625 0.038461
0 0.750000 0.378049 0.060000 0.080675
0 0.821250 0.377111 0.036250 0.067542
0 0.924375 0.329737 0.150000 0.177298
0 0.934688 0.935272 0.129375 0.127580
0 0.909062 0.511726 0.036875 0.049718
0 0.976875 0.458724 0.045000 0.073171