4 0.458593 0.790625 0.160937 0.118750
4 0.227344 0.432812 0.142188 0.159375
4 0.221094 0.645313 0.104688 0.137500
4 0.281249 0.546875 0.196875 0.175000
4 0.300781 0.288281 0.142188 0.123438
4 0.348438 0.405469 0.234375 0.179688
4 0.337500 0.657031 0.162500 0.173438
4 0.396094 0.228125 0.132812 0.100000
4 0.414062 0.505468 0.162501 0.117187
4 0.429688 0.322657 0.140625 0.151563
4 0.443750 0.605469 0.093750 0.157812
4 0.531250 0.419532 0.200000 0.160937
4 0.521875 0.197657 0.153125 0.135937
4 0.566407 0.700781 0.210937 0.167187
4 0.535937 0.565625 0.131249 0.137500
4 0.643749 0.337500 0.153125 0.156250
4 0.646875 0.250781 0.137500 0.101562
4 0.659375 0.492188 0.137500 0.125000
4 0.671094 0.600782 0.139063 0.101563
4 0.770312 0.642969 0.125000 0.145313
4 0.775782 0.460156 0.132813 0.167187
4 0.767188 0.366406 0.112500 0.151562