4 0.402813 0.575446 0.150625 0.221181
4 0.029063 0.810215 0.058125 0.135895
4 0.045625 0.670103 0.091250 0.155576
4 0.064375 0.917526 0.128750 0.163074
4 0.045937 0.560450 0.085625 0.155576
4 0.103437 0.757732 0.116875 0.188378
4 0.148750 0.552952 0.102500 0.159325
4 0.171563 0.886130 0.129375 0.207123
4 0.241875 0.503748 0.175000 0.180881
4 0.230937 0.721650 0.148125 0.217433
4 0.263437 0.943768 0.126875 0.099344
4 0.327500 0.661668 0.096250 0.146204
4 0.355313 0.777882 0.094375 0.151828
4 0.402188 0.928304 0.136875 0.141518
4 0.480938 0.820056 0.176875 0.159325
4 0.463125 0.701031 0.102500 0.136832
4 0.567813 0.620900 0.238125 0.357076
4 0.521250 0.938613 0.106250 0.120900
4 0.660937 0.965792 0.119375 0.066542
4 0.699375 0.844892 0.103750 0.194002
4 0.774687 0.936739 0.131875 0.124649
4 0.778750 0.615277 0.137500 0.192127
4 0.786875 0.730553 0.143750 0.134020
4 0.802500 0.822868 0.148750 0.168697
4 0.847187 0.560450 0.120625 0.159325
4 0.886875 0.837395 0.092500 0.201499
4 0.916875 0.644799 0.108750 0.151827
4 0.936875 0.974227 0.105000 0.042174
4 0.943750 0.777413 0.106250 0.113402
4 0.951562 0.893627 0.085625 0.126522