4 0.460000 0.913750 0.037500 0.042500
4 0.458750 0.847500 0.032500 0.031666
4 0.460000 0.881250 0.030000 0.035834
4 0.470313 0.812917 0.016875 0.030833
4 0.488750 0.941666 0.035000 0.043333
4 0.493125 0.805833 0.037500 0.050000
4 0.500313 0.846250 0.028125 0.044166
4 0.510625 0.776250 0.036250 0.039166
4 0.516250 0.960000 0.033750 0.053334
4 0.525000 0.869583 0.032500 0.037500
4 0.545625 0.768334 0.033750 0.051667
4 0.551875 0.959167 0.035000 0.048333
4 0.562500 0.858334 0.038750 0.041667
4 0.574688 0.790000 0.034375 0.053334
4 0.583125 0.824583 0.038750 0.060833
4 0.584062 0.942916 0.024375 0.044167
4 0.608125 0.917917 0.033750 0.032500
4 0.605938 0.827083 0.016875 0.025833
4 0.617812 0.887083 0.029375 0.032500
4 0.619062 0.856250 0.026875 0.029166