2 0.296094 0.074479 0.128125 0.138542
0 0.258985 0.560938 0.517969 0.521875
0 0.855469 0.790625 0.154688 0.166666
0 0.848047 0.928646 0.136718 0.140625
0 0.948438 0.916667 0.101563 0.164583
0 0.954297 0.787500 0.089844 0.150000
2 0.056250 0.216667 0.112500 0.187500
2 0.094141 0.079687 0.136719 0.159375
2 0.172656 0.216666 0.129687 0.177083
2 0.389453 0.198437 0.125782 0.140625
2 0.433984 0.078125 0.128906 0.141666
2 0.516015 0.190104 0.128907 0.157292
2 0.539453 0.056250 0.113282 0.112500
2 0.622266 0.173959 0.121094 0.166667
2 0.662501 0.055729 0.109375 0.111458
2 0.735547 0.172395 0.121094 0.171875