4 0.520536 0.185119 0.173214 0.129762
4 0.025000 0.198214 0.050000 0.120238
4 0.050000 0.601190 0.100000 0.126191
4 0.054464 0.430952 0.108929 0.088095
4 0.074107 0.513095 0.148214 0.102381
4 0.117858 0.264881 0.217857 0.105952
4 0.157143 0.361310 0.128572 0.103571
4 0.187500 0.620238 0.185714 0.121428
4 0.248215 0.551191 0.242857 0.114285
4 0.304465 0.181548 0.266071 0.108333
4 0.275000 0.467857 0.185714 0.104762
4 0.290179 0.364286 0.169643 0.102381
4 0.311607 0.658333 0.191072 0.150000
4 0.416964 0.427381 0.183929 0.140476
4 0.443750 0.361904 0.162500 0.102381
4 0.439285 0.275595 0.132143 0.089286
4 0.483928 0.575000 0.217857 0.133334
4 0.528571 0.501785 0.210715 0.101191
4 0.560714 0.326190 0.225000 0.116667
4 0.590178 0.647620 0.216071 0.102381
4 0.615178 0.255358 0.169643 0.086905
4 0.683036 0.448809 0.205357 0.104761
4 0.752679 0.354762 0.241071 0.121428