4 0.585500 0.523000 0.135000 0.112000
4 0.195000 0.256000 0.054000 0.076000
4 0.252500 0.254500 0.083000 0.097000
4 0.301500 0.468500 0.069000 0.123000
4 0.316000 0.270000 0.072000 0.076000
4 0.362000 0.508500 0.094000 0.109000
4 0.389500 0.258000 0.101000 0.080000
4 0.465500 0.511500 0.137000 0.137000
4 0.467500 0.252000 0.069000 0.054000
4 0.689500 0.525000 0.091000 0.100000
4 0.783500 0.511000 0.111000 0.132000
4 0.866500 0.499000 0.093000 0.122000
4 0.913000 0.497000 0.048000 0.100000
4 0.919500 0.449500 0.047000 0.065000