2 0.011250 0.456480 0.022500 0.036897
2 0.011250 0.377957 0.007500 0.031221
2 0.021562 0.274834 0.023125 0.023651
2 0.025938 0.507568 0.029375 0.035005
2 0.040000 0.113056 0.018750 0.044466
2 0.041563 0.237937 0.021875 0.031221
2 0.052812 0.246925 0.024375 0.032167
2 0.073438 0.435666 0.019375 0.038789
2 0.072813 0.141438 0.015625 0.023652
2 0.099062 0.223747 0.014375 0.036897
2 0.122188 0.197256 0.014375 0.027436
2 0.126562 0.325449 0.023125 0.030275
2 0.823438 0.464995 0.018125 0.027436
2 0.883750 0.541627 0.015000 0.029328
2 0.968437 0.338694 0.036875 0.052980
2 0.983750 0.031693 0.031250 0.055819
2 0.990625 0.295648 0.013750 0.040682