4 0.243750 0.381819 0.042500 0.112727
4 0.246250 0.497273 0.045000 0.081818
4 0.264375 0.627273 0.051250 0.127273
4 0.277500 0.253636 0.077500 0.132727
4 0.274375 0.433636 0.056250 0.150909
4 0.290625 0.582727 0.063750 0.136364
4 0.300625 0.300000 0.061250 0.138182
4 0.310625 0.724545 0.058750 0.092727
4 0.343125 0.708182 0.091250 0.125454
4 0.366875 0.536363 0.118750 0.149091
4 0.348750 0.181818 0.080000 0.090909
4 0.354375 0.128182 0.078750 0.081818
4 0.360625 0.403637 0.083750 0.127273
4 0.380625 0.810909 0.093750 0.080000
4 0.396875 0.272727 0.088750 0.141818
4 0.448750 0.644545 0.115000 0.172727
4 0.441875 0.784546 0.098750 0.118181
4 0.450625 0.098182 0.108750 0.076364
4 0.475000 0.192727 0.095000 0.145455
4 0.486250 0.844545 0.115000 0.085455
4 0.498125 0.372727 0.133750 0.294545
4 0.522500 0.076364 0.057500 0.036363
4 0.543750 0.787273 0.100000 0.120000
4 0.563750 0.646363 0.117500 0.190909
4 0.571875 0.123636 0.108750 0.080000
4 0.590000 0.233636 0.105000 0.161818
4 0.604375 0.822728 0.093750 0.107273
4 0.652500 0.540000 0.107500 0.152728
4 0.653750 0.383636 0.110000 0.170909
4 0.666875 0.710000 0.103750 0.176364
4 0.648125 0.136363 0.043750 0.036363
4 0.673125 0.215454 0.088750 0.129091
4 0.695625 0.212727 0.061250 0.098182
4 0.735000 0.344546 0.067500 0.172727
4 0.727500 0.536363 0.047500 0.170909
4 0.731250 0.626364 0.037500 0.114545
4 0.755000 0.491818 0.035000 0.114546
4 0.868125 0.880909 0.093750 0.198182
4 0.917500 0.967273 0.067500 0.061818
4 0.932500 0.831818 0.087500 0.118182
4 0.958750 0.907273 0.080000 0.123636
4 0.974375 0.985455 0.048750 0.025455