2 0.133750 0.532083 0.106250 0.209443
2 0.026875 0.808111 0.053750 0.238499
2 0.038125 0.674940 0.076250 0.131961
2 0.063750 0.237894 0.115000 0.245763
2 0.047188 0.610170 0.074375 0.082325
2 0.062500 0.461259 0.051250 0.215496
2 0.116875 0.863196 0.157500 0.200968
2 0.152812 0.357143 0.090625 0.186440
2 0.216250 0.925544 0.143750 0.146489
2 0.216250 0.294189 0.105000 0.118644
2 0.214062 0.514528 0.070625 0.203390
2 0.264062 0.785715 0.170625 0.268765
2 0.232187 0.395883 0.058125 0.094431
2 0.298750 0.338378 0.093750 0.163438
2 0.315000 0.475181 0.100000 0.209443
2 0.353125 0.567191 0.146250 0.272397
2 0.316250 0.240920 0.063750 0.111380
2 0.316875 0.966707 0.057500 0.064164
2 0.398750 0.236077 0.132500 0.205811
2 0.424375 0.742131 0.172500 0.266344
2 0.412188 0.368039 0.096875 0.104116
2 0.432812 0.932809 0.115625 0.131961
2 0.441250 0.514528 0.098750 0.188862
2 0.448750 0.152542 0.075000 0.133172
2 0.484063 0.489105 0.091875 0.116223
2 0.510312 0.258475 0.083125 0.136804
2 0.551875 0.898910 0.138750 0.146489
2 0.534687 0.090799 0.088125 0.174334
2 0.554375 0.782688 0.102500 0.144068
2 0.555625 0.388620 0.100000 0.217918
2 0.550000 0.624092 0.081250 0.223970
2 0.612187 0.046610 0.120625 0.093220
2 0.620000 0.194915 0.105000 0.159806
2 0.612187 0.347457 0.081875 0.162227
2 0.628125 0.507869 0.096250 0.168281
2 0.655000 0.118039 0.111250 0.177966
2 0.696875 0.812349 0.195000 0.203390
2 0.648750 0.668886 0.091250 0.134382
2 0.670000 0.338378 0.048750 0.148910
2 0.740313 0.541162 0.108125 0.220339
2 0.727500 0.184624 0.056250 0.148911
2 0.774375 0.458838 0.150000 0.181598
2 0.776250 0.122881 0.061250 0.163438
2 0.799687 0.035109 0.080625 0.070218
2 0.844063 0.656174 0.130625 0.198547
2 0.844688 0.801453 0.131875 0.121065
2 0.821562 0.306295 0.063125 0.113801
2 0.855625 0.240920 0.085000 0.082324
2 0.880625 0.168886 0.096250 0.131961
2 0.902187 0.449153 0.124375 0.186441
2 0.920312 0.320218 0.111875 0.170702
2 0.925000 0.623487 0.107500 0.196126
2 0.949062 0.251816 0.091875 0.075060
2 0.979375 0.559928 0.040000 0.139225
2 0.979062 0.425545 0.031875 0.144068
2 0.987812 0.708838 0.023125 0.144068