3 0.213750 0.266667 0.067500 0.096667
3 0.268750 0.576666 0.090000 0.173333
3 0.321875 0.093333 0.066250 0.130000
3 0.398750 0.497500 0.102500 0.181666
3 0.480000 0.171666 0.102500 0.176667
3 0.536250 0.536666 0.072500 0.103333
3 0.642500 0.752500 0.065000 0.178334
3 0.661875 0.680834 0.073750 0.188333
3 0.700625 0.438333 0.071250 0.110000
3 0.726875 0.332500 0.076250 0.105000
3 0.756250 0.034167 0.107500 0.068333
3 0.770625 0.431667 0.078750 0.120000
3 0.835000 0.569167 0.067500 0.115000
3 0.838125 0.462500 0.063750 0.158334
3 0.874375 0.317500 0.083750 0.158334
3 0.877500 0.585833 0.070000 0.145000
3 0.916250 0.698333 0.067500 0.123333
3 0.948125 0.813333 0.083750 0.120000