2 0.750625 0.595417 0.071250 0.089167
2 0.283750 0.317500 0.051250 0.093334
2 0.323750 0.391250 0.062500 0.075834
2 0.327500 0.600000 0.046250 0.031666
2 0.394062 0.374583 0.053125 0.082500
2 0.395313 0.669166 0.026875 0.051667
2 0.447813 0.471667 0.054375 0.070000
2 0.450937 0.342500 0.050625 0.070000
2 0.477812 0.702500 0.019375 0.066666
2 0.562500 0.293750 0.033750 0.075834
2 0.618750 0.293333 0.045000 0.055000
2 0.632188 0.235834 0.059375 0.066667
2 0.675000 0.496667 0.067500 0.071667
2 0.672500 0.590417 0.053750 0.070833
2 0.689375 0.300833 0.046250 0.053333
2 0.757188 0.914166 0.050625 0.088333
2 0.939375 0.546666 0.035000 0.048333
2 0.944375 0.234166 0.045000 0.091667