4 0.830625 0.520169 0.275000 0.346154
4 0.392813 0.664634 0.056875 0.267354
4 0.464687 0.235459 0.125625 0.243903
4 0.511563 0.698875 0.180625 0.378987
4 0.523125 0.388367 0.103750 0.223265
4 0.606250 0.562383 0.216250 0.344278
4 0.627812 0.288462 0.193125 0.246717
4 0.715000 0.892120 0.186250 0.146342
4 0.752812 0.732177 0.250625 0.265479
4 0.726562 0.246717 0.073125 0.090056
4 0.819375 0.337242 0.215000 0.212946
4 0.864062 0.959194 0.270625 0.079737
4 0.816875 0.211539 0.105000 0.096623
4 0.826563 0.093340 0.124375 0.186679
4 0.903125 0.428705 0.192500 0.234521
4 0.930000 0.242026 0.138750 0.230769
4 0.958750 0.591932 0.081250 0.165103
4 0.963125 0.708255 0.072500 0.090056