4 0.707188 0.356666 0.510625 0.436667
4 0.012188 0.865833 0.024375 0.091667
4 0.136875 0.659166 0.273750 0.356667
4 0.140313 0.111250 0.280625 0.222500
4 0.292187 0.807083 0.255625 0.332500
4 0.332187 0.430417 0.301875 0.377500
4 0.494063 0.175834 0.448125 0.351667
4 0.457188 0.875417 0.206875 0.247500
4 0.468438 0.631250 0.218125 0.282500
4 0.561875 0.670834 0.203750 0.258333
4 0.595312 0.919167 0.175625 0.160000
4 0.696250 0.756667 0.261250 0.265000
4 0.780312 0.869583 0.209375 0.222500
4 0.844062 0.542084 0.310625 0.319167
4 0.814688 0.939167 0.213125 0.120000
4 0.896562 0.675833 0.199375 0.303333
4 0.932500 0.848750 0.133750 0.204166