0 0.119375 0.604127 0.238750 0.617261
0 0.021562 0.134615 0.031875 0.036585
0 0.056875 0.069888 0.015000 0.025329
0 0.073438 0.041745 0.035625 0.038462
0 0.216562 0.178236 0.134375 0.227017
0 0.274687 0.757035 0.035625 0.048781
0 0.332500 0.061444 0.148750 0.122889
0 0.293125 0.529080 0.013750 0.030019
0 0.304063 0.498593 0.010625 0.023452
0 0.346250 0.657129 0.031250 0.038461
0 0.365938 0.906661 0.019375 0.030957
0 0.382812 0.946999 0.031875 0.034709
0 0.382812 0.809100 0.019375 0.034709
0 0.403438 0.798311 0.024375 0.031895
0 0.407188 0.874297 0.019375 0.028143
0 0.420937 0.641651 0.018125 0.024390
0 0.452813 0.018762 0.025625 0.037523
0 0.562188 0.077392 0.016875 0.017824
0 0.577813 0.057223 0.016875 0.026266
0 0.596875 0.058161 0.021250 0.024390