4 0.335000 0.577500 0.152500 0.165000
4 0.356250 0.325833 0.100000 0.125000
4 0.385625 0.394166 0.103750 0.131667
4 0.467500 0.323333 0.122500 0.146667
4 0.492500 0.425000 0.082500 0.100000
4 0.509375 0.271667 0.053750 0.053333
4 0.535625 0.575833 0.083750 0.101667
4 0.562500 0.716667 0.100000 0.103333
4 0.558125 0.378333 0.081250 0.116667
4 0.590625 0.655000 0.128750 0.150000
4 0.566875 0.312500 0.071250 0.068334
4 0.568125 0.250000 0.068750 0.073334
4 0.602500 0.538333 0.080000 0.100000
4 0.626875 0.287500 0.063750 0.075000
4 0.649375 0.350834 0.071250 0.101667
4 0.665625 0.230833 0.086250 0.075000
4 0.702500 0.283333 0.097500 0.110000
4 0.715000 0.391667 0.072500 0.110000