0 0.202813 0.661250 0.103125 0.282500
0 0.235313 0.446250 0.105625 0.072500
0 0.255000 0.372917 0.035000 0.032500
0 0.312500 0.663334 0.111250 0.196667
0 0.300312 0.372917 0.048125 0.032500
0 0.302187 0.302500 0.051875 0.040000
0 0.305000 0.445416 0.046250 0.035833
0 0.337187 0.521667 0.103125 0.096667
0 0.367812 0.446250 0.060625 0.040834
0 0.372812 0.378750 0.063125 0.030834
0 0.376563 0.306667 0.065625 0.035000
0 0.464062 0.735417 0.175625 0.347500
0 0.517500 0.123333 0.190000 0.246667
0 0.526563 0.414167 0.186875 0.215000
0 0.562500 0.907917 0.187500 0.182500
0 0.510312 0.537084 0.051875 0.020833
0 0.604062 0.490000 0.133125 0.253334
0 0.655000 0.765416 0.183750 0.284167
0 0.588750 0.894167 0.033750 0.040000
0 0.777813 0.151667 0.206875 0.290000
0 0.779062 0.492916 0.201875 0.279167
0 0.815937 0.649166 0.140625 0.158333
0 0.850313 0.733750 0.136875 0.082500