4 0.177500 0.678750 0.078750 0.107500
4 0.131875 0.495000 0.085000 0.110000
4 0.146563 0.582917 0.101875 0.127500
4 0.185938 0.399167 0.061875 0.085000
4 0.227813 0.737500 0.096875 0.103334
4 0.213125 0.336250 0.041250 0.082500
4 0.403750 0.516250 0.381250 0.397500
4 0.255625 0.302083 0.041250 0.037500
4 0.404375 0.844584 0.080000 0.130833
4 0.469375 0.864166 0.078750 0.098333
4 0.532188 0.856667 0.069375 0.110000
4 0.562812 0.811667 0.089375 0.113333
4 0.575625 0.483333 0.030000 0.046667
4 0.605938 0.575000 0.044375 0.085000
4 0.604062 0.526667 0.014375 0.050000
4 0.807500 0.467500 0.242500 0.310000