0 0.426563 0.765416 0.093125 0.129167
0 0.125312 0.367500 0.093125 0.113334
0 0.264687 0.492083 0.098125 0.122500
0 0.326250 0.386250 0.071250 0.089166
0 0.376875 0.532500 0.076250 0.106666
0 0.400000 0.952917 0.071250 0.092500
0 0.434063 0.705000 0.085625 0.061666
0 0.524062 0.285417 0.050625 0.074167
0 0.576875 0.790417 0.100000 0.135833
0 0.592812 0.390833 0.093125 0.095000
0 0.573125 0.582500 0.042500 0.048334
0 0.629687 0.229583 0.096875 0.095833
0 0.699063 0.740834 0.129375 0.151667
0 0.753125 0.695416 0.067500 0.090833
0 0.789375 0.542500 0.046250 0.108334
0 0.809375 0.446667 0.076250 0.065000
0 0.881563 0.770417 0.058125 0.079167
0 0.932813 0.550000 0.105625 0.123334
0 0.970625 0.421667 0.057500 0.050000
0 0.989375 0.181667 0.020000 0.048333