4 0.498611 0.297222 0.113889 0.101852
4 0.335417 0.226851 0.068055 0.061111
4 0.358333 0.221297 0.077778 0.109259
4 0.364584 0.341666 0.081945 0.164815
4 0.400000 0.356482 0.075000 0.153703
4 0.391667 0.203704 0.052778 0.125926
4 0.443750 0.143518 0.018056 0.046297
4 0.488889 0.391667 0.061111 0.142593
4 0.515278 0.139815 0.027778 0.031482
4 0.552083 0.388889 0.056945 0.155556
4 0.595834 0.282408 0.069445 0.105555
4 0.615278 0.189815 0.055556 0.142592
4 0.650000 0.381482 0.080556 0.129629
4 0.650000 0.217592 0.066666 0.105555
4 0.684028 0.349074 0.068056 0.157408
4 0.704166 0.245370 0.091667 0.094445