4 0.109063 0.755417 0.218125 0.487500
4 0.150625 0.472500 0.296250 0.503334
4 0.144063 0.153750 0.261875 0.307500
4 0.357812 0.775417 0.449375 0.447500
4 0.313750 0.362917 0.191250 0.322500
4 0.420937 0.185000 0.276875 0.360000
4 0.480000 0.577500 0.371250 0.468334
4 0.636562 0.367084 0.251875 0.495833
4 0.608437 0.927083 0.083125 0.144167
4 0.745313 0.797917 0.301875 0.399167
4 0.771875 0.112917 0.275000 0.225833
4 0.834375 0.485417 0.330000 0.652500
4 0.942813 0.152500 0.113125 0.305000
4 0.950000 0.872917 0.098750 0.252500