4 0.108750 0.899160 0.095000 0.158463
4 0.041250 0.847539 0.082500 0.206482
4 0.201875 0.015606 0.090000 0.031212
4 0.207812 0.915366 0.091875 0.166867
4 0.274375 0.058223 0.062500 0.116447
4 0.311562 0.914166 0.128125 0.169268
4 0.304375 0.015606 0.041250 0.031212
4 0.349375 0.066027 0.090000 0.132053
4 0.431562 0.916567 0.131875 0.164466
4 0.433750 0.018007 0.095000 0.036014
4 0.548125 0.860744 0.111250 0.170468
4 0.644062 0.780912 0.116875 0.166867
4 0.726875 0.679472 0.115000 0.172869
4 0.804688 0.560024 0.128125 0.145258
4 0.787187 0.053421 0.028125 0.106843
4 0.833125 0.463985 0.107500 0.135655
4 0.829063 0.152461 0.079375 0.098440
4 0.840625 0.261104 0.100000 0.138055
4 0.852500 0.365546 0.090000 0.135654