2 0.712838 0.720790 0.192568 0.146048
2 0.070946 0.814433 0.067568 0.154640
2 0.069257 0.687285 0.057432 0.072165
2 0.176520 0.743127 0.146959 0.073883
2 0.194256 0.615979 0.148649 0.063574
2 0.325169 0.737972 0.170608 0.077319
2 0.322635 0.587628 0.101352 0.054983
2 0.337838 0.638316 0.087838 0.046392
2 0.523648 0.731959 0.209459 0.130584
2 0.703547 0.524055 0.116554 0.065292
2 0.693412 0.577319 0.092906 0.061855
2 0.716216 0.627148 0.070946 0.048110
2 0.798987 0.652062 0.114865 0.118556
2 0.813345 0.487973 0.072635 0.037801
2 0.879223 0.719931 0.140202 0.134021
2 0.850507 0.545532 0.065878 0.042955
2 0.883446 0.621993 0.101352 0.058419
2 0.912162 0.577319 0.094594 0.082475