4 0.664583 0.786806 0.226389 0.184723
4 0.125694 0.304167 0.054167 0.052778
4 0.130556 0.258333 0.050000 0.050000
4 0.130556 0.341667 0.050000 0.022222
4 0.190972 0.668056 0.106944 0.100000
4 0.176389 0.243055 0.055556 0.055555
4 0.177084 0.322916 0.056945 0.045833
4 0.177084 0.288889 0.048611 0.030556
4 0.222222 0.613194 0.094444 0.034723
4 0.225000 0.335417 0.044444 0.031945
4 0.227083 0.292361 0.048611 0.051389
4 0.243056 0.243750 0.050000 0.045834
4 0.245833 0.314584 0.047222 0.048611
4 0.281944 0.747916 0.061111 0.068055
4 0.279167 0.290278 0.047222 0.044444
4 0.281945 0.330556 0.052777 0.027777
4 0.300694 0.251389 0.054167 0.055556
4 0.302084 0.675000 0.043055 0.072222
4 0.306944 0.788889 0.044445 0.066666
4 0.318055 0.706944 0.052777 0.058333
4 0.332639 0.332639 0.051389 0.026389
4 0.345139 0.265278 0.054166 0.047222
4 0.354166 0.783333 0.058333 0.072222
4 0.356250 0.662500 0.059722 0.063888
4 0.372222 0.836111 0.072222 0.050000
4 0.372916 0.730556 0.048611 0.050000
4 0.411111 0.876389 0.069444 0.061111
4 0.409028 0.781945 0.059722 0.069445
4 0.423611 0.704166 0.069444 0.063889
4 0.416667 0.384027 0.052778 0.073611
4 0.460417 0.751389 0.059722 0.066666
4 0.481250 0.388194 0.070834 0.054167
4 0.486806 0.447917 0.073611 0.059722
4 0.478473 0.817361 0.020833 0.065278
4 0.620139 0.917361 0.256944 0.131944
4 0.665972 0.651389 0.184722 0.100000
4 0.833333 0.650694 0.161111 0.098611
4 0.865278 0.751389 0.197222 0.197222
4 0.880556 0.916667 0.211111 0.138889