2 0.066667 0.607187 0.045000 0.025625
2 0.146250 0.450000 0.040834 0.032500
2 0.204583 0.556875 0.047500 0.045000
2 0.204584 0.815625 0.039167 0.028750
2 0.266250 0.801875 0.034166 0.028750
2 0.318334 0.890000 0.048333 0.027500
2 0.320416 0.765313 0.034167 0.034375
2 0.323750 0.655938 0.040834 0.026875
2 0.368750 0.442187 0.052500 0.044375
2 0.420833 0.749062 0.048333 0.031875
2 0.449584 0.518437 0.040833 0.043125
2 0.467500 0.559375 0.050000 0.046250
2 0.507500 0.588437 0.056666 0.039375
2 0.650834 0.251875 0.048333 0.032500
2 0.712500 0.042500 0.061666 0.037500
2 0.727500 0.142813 0.068334 0.049375
2 0.764583 0.019688 0.089167 0.039375
2 0.836250 0.315937 0.059166 0.048125
2 0.836667 0.159687 0.050000 0.035625
2 0.846666 0.263750 0.038333 0.028750
2 0.863750 0.101562 0.040834 0.029375
2 0.927917 0.192188 0.059167 0.053125