4 0.330937 0.242084 0.091875 0.109167
4 0.075000 0.389166 0.077500 0.103333
4 0.112500 0.300000 0.095000 0.146666
4 0.144063 0.403750 0.096875 0.090834
4 0.180312 0.339583 0.091875 0.132500
4 0.173750 0.275834 0.030000 0.053333
4 0.260938 0.510417 0.163125 0.145833
4 0.241875 0.242917 0.118750 0.130833
4 0.310312 0.193750 0.059375 0.074166
4 0.412813 0.171250 0.138125 0.139166
4 0.437500 0.352083 0.163750 0.174167
4 0.499375 0.288333 0.143750 0.170000
4 0.482187 0.132500 0.095625 0.151666
4 0.594062 0.257084 0.093125 0.129167