4 0.456250 0.446667 0.065000 0.124445
4 0.032500 0.284444 0.065000 0.200000
4 0.040625 0.603333 0.081250 0.322222
4 0.078125 0.081111 0.143750 0.162222
4 0.086250 0.292222 0.160000 0.233333
4 0.143125 0.646667 0.128750 0.333333
4 0.193125 0.328889 0.163750 0.244444
4 0.273125 0.671111 0.128750 0.364444
4 0.308125 0.353333 0.161250 0.253333
4 0.401875 0.715556 0.136250 0.377777
4 0.444375 0.386667 0.168750 0.280000
4 0.507500 0.158889 0.127500 0.202222
4 0.558750 0.758889 0.160000 0.375556
4 0.593750 0.408889 0.145000 0.293334
4 0.627500 0.167777 0.127500 0.211111
4 0.710625 0.810000 0.171250 0.375556
4 0.762500 0.455556 0.140000 0.262223
4 0.766250 0.200000 0.115000 0.235556
4 0.878750 0.828889 0.150000 0.337778
4 0.890000 0.227778 0.110000 0.202222
4 0.911250 0.488889 0.135000 0.302222