2 0.173437 0.137917 0.094375 0.122500
2 0.025000 0.755000 0.050000 0.031666
2 0.031875 0.430416 0.043750 0.060833
2 0.099688 0.477500 0.029375 0.051666
2 0.122813 0.502084 0.024375 0.020833
2 0.130625 0.407083 0.022500 0.027500
2 0.171250 0.955417 0.065000 0.087500
2 0.188750 0.389167 0.045000 0.040000
2 0.239375 0.525000 0.078750 0.098334
2 0.280000 0.311250 0.036250 0.074166
2 0.353438 0.482083 0.035625 0.039167
2 0.498125 0.444167 0.031250 0.015000
2 0.660625 0.626667 0.310000 0.363333
2 0.527188 0.443333 0.026875 0.065000
2 0.687500 0.315000 0.267500 0.346666