4 0.703500 0.358974 0.135000 0.109890
4 0.035000 0.666208 0.070000 0.107143
4 0.035000 0.355312 0.068000 0.091575
4 0.066500 0.246337 0.109000 0.089744
4 0.199500 0.867674 0.123000 0.116300
4 0.241000 0.248627 0.096000 0.097985
4 0.271500 0.340201 0.107000 0.112637
4 0.284500 0.566850 0.111000 0.098901
4 0.300000 0.940018 0.104000 0.105311
4 0.402500 0.370422 0.109000 0.121795
4 0.404500 0.233059 0.113000 0.119963
4 0.446000 0.749084 0.110000 0.097070
4 0.613500 0.532052 0.117000 0.093407
4 0.806000 0.012821 0.094000 0.025641
4 0.845000 0.638737 0.100000 0.099817
4 0.937500 0.315018 0.115000 0.115385
4 0.969500 0.204213 0.059000 0.119047