2 0.619606 0.505938 0.186680 0.101875
2 0.024390 0.630937 0.048780 0.053125
2 0.059100 0.575937 0.082551 0.076875
2 0.074578 0.637500 0.066604 0.066250
2 0.135553 0.650313 0.066605 0.071875
2 0.138368 0.582188 0.060976 0.054375
2 0.423077 0.671875 0.106942 0.093750
2 0.443715 0.554688 0.112570 0.071875
2 0.478424 0.480313 0.105066 0.066875
2 0.541276 0.605000 0.138837 0.121250
2 0.576923 0.687188 0.106942 0.080625
2 0.586304 0.400938 0.125704 0.081875
2 0.703565 0.614375 0.161351 0.092500
2 0.711539 0.434375 0.145403 0.097500
2 0.741088 0.311250 0.168856 0.107500
2 0.780488 0.518125 0.161351 0.131250
2 0.783771 0.710313 0.115384 0.099375
2 0.892120 0.305312 0.138836 0.089375
2 0.912758 0.409687 0.118198 0.081875
2 0.939493 0.496563 0.119137 0.123125