4 0.236875 0.236250 0.048750 0.035834
4 0.256250 0.212083 0.031250 0.022500
4 0.282813 0.200000 0.024375 0.015000
4 0.306250 0.215417 0.040000 0.015833
4 0.305937 0.231667 0.026875 0.010000
4 0.305312 0.190417 0.015625 0.017500
4 0.339063 0.241250 0.023125 0.025834
4 0.342812 0.220000 0.028125 0.013334
4 0.375312 0.192917 0.025625 0.022500
4 0.415000 0.227500 0.041250 0.018334
4 0.424375 0.214583 0.041250 0.017500
4 0.551250 0.488334 0.040000 0.041667
4 0.568125 0.456666 0.032500 0.033333
4 0.572500 0.531667 0.033750 0.031667
4 0.607813 0.487084 0.051875 0.039167
4 0.596562 0.441250 0.026875 0.019166
4 0.611250 0.513750 0.038750 0.034166
4 0.616875 0.453750 0.033750 0.027500
4 0.618750 0.547500 0.037500 0.036666
4 0.643437 0.292500 0.058125 0.055000
4 0.642500 0.267917 0.053750 0.034167
4 0.660625 0.422083 0.048750 0.022500
4 0.666562 0.523333 0.055625 0.040000
4 0.665625 0.483334 0.048750 0.031667
4 0.666875 0.452917 0.046250 0.032500
4 0.666875 0.557083 0.046250 0.027500
4 0.667500 0.246667 0.045000 0.040000
4 0.697187 0.320833 0.058125 0.050000
4 0.681250 0.267083 0.017500 0.042500
4 0.691563 0.275000 0.023125 0.035000
4 0.704688 0.435416 0.018125 0.015833
4 0.717500 0.452083 0.038750 0.027500
4 0.717500 0.515416 0.038750 0.024167
4 0.722500 0.482083 0.046250 0.035833
4 0.709063 0.243750 0.016875 0.020834
4 0.722500 0.546250 0.033750 0.024166
4 0.720938 0.286250 0.019375 0.032500
4 0.739375 0.312916 0.056250 0.040833
4 0.739375 0.249167 0.046250 0.038333
4 0.725313 0.264583 0.015625 0.020833
4 0.758750 0.280000 0.065000 0.048334
4 0.741875 0.439584 0.026250 0.024167
4 0.761875 0.532917 0.030000 0.024167
4 0.767813 0.460417 0.035625 0.024167
4 0.785000 0.486250 0.040000 0.034166
4 0.788750 0.515417 0.038750 0.027500