4 0.502500 0.615900 0.141250 0.197489
4 0.091562 0.897071 0.080625 0.160670
4 0.096875 0.287866 0.075000 0.110460
4 0.080000 0.232218 0.033750 0.094561
4 0.131562 0.349372 0.056875 0.084519
4 0.143125 0.065690 0.077500 0.131381
4 0.145000 0.643096 0.047500 0.102929
4 0.205937 0.644351 0.073125 0.071967
4 0.253125 0.329288 0.076250 0.082845
4 0.325313 0.933891 0.143125 0.130544
4 0.406250 0.617155 0.093750 0.112971
4 0.427500 0.342259 0.080000 0.174059
4 0.477187 0.304602 0.063125 0.135565
4 0.530938 0.824686 0.163125 0.246862
4 0.631875 0.643933 0.167500 0.198326
4 0.644375 0.094979 0.098750 0.138076
4 0.763437 0.677406 0.156875 0.134728
4 0.767813 0.252301 0.121875 0.210042
4 0.899687 0.834728 0.185625 0.270293
4 0.882188 0.186611 0.140625 0.162343
4 0.895625 0.337238 0.126250 0.209205