4 0.612812 0.084896 0.088125 0.117261
4 0.367500 0.184803 0.051250 0.142590
4 0.418125 0.158067 0.088750 0.096623
4 0.426250 0.268762 0.056250 0.128518
4 0.473125 0.482177 0.067500 0.101313
4 0.471875 0.227017 0.047500 0.142589
4 0.506563 0.483115 0.083125 0.138837
4 0.507188 0.410882 0.059375 0.093809
4 0.560312 0.466229 0.058125 0.146342
4 0.598750 0.462946 0.070000 0.139775
4 0.604062 0.742026 0.074375 0.133208
4 0.634687 0.724672 0.076875 0.109756
4 0.638750 0.680581 0.058750 0.094747
4 0.655625 0.818949 0.092500 0.073171
4 0.675625 0.750000 0.062500 0.126642
4 0.715313 0.775329 0.075625 0.113509
4 0.869687 0.619137 0.259375 0.454034