4 0.718954 0.663399 0.133987 0.107843
4 0.162581 0.813725 0.089869 0.143791
4 0.237745 0.761437 0.145425 0.114379
4 0.231210 0.952614 0.112745 0.091503
4 0.286764 0.692810 0.129085 0.088235
4 0.322713 0.852942 0.151961 0.140523
4 0.380719 0.940360 0.245098 0.116013
4 0.331699 0.622549 0.098039 0.049020
4 0.413399 0.571896 0.153595 0.094771
4 0.437908 0.796569 0.150327 0.125817
4 0.432190 0.696079 0.125817 0.065359
4 0.453431 0.605393 0.142157 0.099673
4 0.441993 0.464869 0.106209 0.080065
4 0.434640 0.367648 0.049019 0.133987
4 0.534313 0.404412 0.133987 0.050654
4 0.533497 0.648693 0.119281 0.101307
4 0.582516 0.895424 0.165033 0.160131
4 0.553921 0.469772 0.101307 0.073529
4 0.572712 0.751634 0.129085 0.117648
4 0.566177 0.571896 0.112745 0.130719
4 0.578431 0.846405 0.107843 0.107843
4 0.648693 0.482843 0.078431 0.063726
4 0.678104 0.947712 0.088235 0.101307
4 0.719772 0.828431 0.165033 0.140523
4 0.778594 0.959151 0.138889 0.078431
4 0.773693 0.873366 0.119281 0.102942
4 0.848040 0.783497 0.094771 0.142157